64
7 0 1 0 1 0 1 1 2 0 1 2 3 0 1 3 4 0 1 4 5 0 1 5 6 0 1 6 7 
6 0 1 0 1 0 1 1 2 0 1 2 3 0 1 3 4 0 1 4 5 0 1 5 7 
6 0 1 0 1 0 1 1 2 0 1 2 3 0 1 3 4 0 1 4 6 0 1 6 7 
5 0 1 0 1 0 1 1 2 0 1 2 3 0 1 3 4 0 1 4 7 
6 0 1 0 1 0 1 1 2 0 1 2 3 0 1 3 5 0 1 5 6 0 1 6 7 
5 0 1 0 1 0 1 1 2 0 1 2 3 0 1 3 5 0 1 5 7 
5 0 1 0 1 0 1 1 2 0 1 2 3 0 1 3 6 0 1 6 7 
4 0 1 0 1 0 1 1 2 0 1 2 3 0 1 3 7 
6 0 1 0 1 0 1 1 2 0 1 2 4 0 1 4 5 0 1 5 6 0 1 6 7 
5 0 1 0 1 0 1 1 2 0 1 2 4 0 1 4 5 0 1 5 7 
5 0 1 0 1 0 1 1 2 0 1 2 4 0 1 4 6 0 1 6 7 
4 0 1 0 1 0 1 1 2 0 1 2 4 0 1 4 7 
5 0 1 0 1 0 1 1 2 0 1 2 5 0 1 5 6 0 1 6 7 
4 0 1 0 1 0 1 1 2 0 1 2 5 0 1 5 7 
4 0 1 0 1 0 1 1 2 0 1 2 6 0 1 6 7 
3 0 1 0 1 0 1 1 2 0 1 2 7 
6 0 1 0 1 0 1 1 3 0 1 3 4 0 1 4 5 0 1 5 6 0 1 6 7 
5 0 1 0 1 0 1 1 3 0 1 3 4 0 1 4 5 0 1 5 7 
5 0 1 0 1 0 1 1 3 0 1 3 4 0 1 4 6 0 1 6 7 
4 0 1 0 1 0 1 1 3 0 1 3 4 0 1 4 7 
5 0 1 0 1 0 1 1 3 0 1 3 5 0 1 5 6 0 1 6 7 
4 0 1 0 1 0 1 1 3 0 1 3 5 0 1 5 7 
4 0 1 0 1 0 1 1 3 0 1 3 6 0 1 6 7 
3 0 1 0 1 0 1 1 3 0 1 3 7 
5 0 1 0 1 0 1 1 4 0 1 4 5 0 1 5 6 0 1 6 7 
4 0 1 0 1 0 1 1 4 0 1 4 5 0 1 5 7 
4 0 1 0 1 0 1 1 4 0 1 4 6 0 1 6 7 
3 0 1 0 1 0 1 1 4 0 1 4 7 
4 0 1 0 1 0 1 1 5 0 1 5 6 0 1 6 7 
3 0 1 0 1 0 1 1 5 0 1 5 7 
3 0 1 0 1 0 1 1 6 0 1 6 7 
2 0 1 0 1 0 1 1 7 
6 0 1 0 2 0 1 2 3 0 1 3 4 0 1 4 5 0 1 5 6 0 1 6 7 
5 0 1 0 2 0 1 2 3 0 1 3 4 0 1 4 5 0 1 5 7 
5 0 1 0 2 0 1 2 3 0 1 3 4 0 1 4 6 0 1 6 7 
4 0 1 0 2 0 1 2 3 0 1 3 4 0 1 4 7 
5 0 1 0 2 0 1 2 3 0 1 3 5 0 1 5 6 0 1 6 7 
4 0 1 0 2 0 1 2 3 0 1 3 5 0 1 5 7 
4 0 1 0 2 0 1 2 3 0 1 3 6 0 1 6 7 
3 0 1 0 2 0 1 2 3 0 1 3 7 
5 0 1 0 2 0 1 2 4 0 1 4 5 0 1 5 6 0 1 6 7 
4 0 1 0 2 0 1 2 4 0 1 4 5 0 1 5 7 
4 0 1 0 2 0 1 2 4 0 1 4 6 0 1 6 7 
3 0 1 0 2 0 1 2 4 0 1 4 7 
4 0 1 0 2 0 1 2 5 0 1 5 6 0 1 6 7 
3 0 1 0 2 0 1 2 5 0 1 5 7 
3 0 1 0 2 0 1 2 6 0 1 6 7 
2 0 1 0 2 0 1 2 7 
5 0 1 0 3 0 1 3 4 0 1 4 5 0 1 5 6 0 1 6 7 
4 0 1 0 3 0 1 3 4 0 1 4 5 0 1 5 7 
4 0 1 0 3 0 1 3 4 0 1 4 6 0 1 6 7 
3 0 1 0 3 0 1 3 4 0 1 4 7 
4 0 1 0 3 0 1 3 5 0 1 5 6 0 1 6 7 
3 0 1 0 3 0 1 3 5 0 1 5 7 
3 0 1 0 3 0 1 3 6 0 1 6 7 
2 0 1 0 3 0 1 3 7 
4 0 1 0 4 0 1 4 5 0 1 5 6 0 1 6 7 
3 0 1 0 4 0 1 4 5 0 1 5 7 
3 0 1 0 4 0 1 4 6 0 1 6 7 
2 0 1 0 4 0 1 4 7 
3 0 1 0 5 0 1 5 6 0 1 6 7 
2 0 1 0 5 0 1 5 7 
2 0 1 0 6 0 1 6 7 
1 0 1 0 7 
