968
8 0 1 0 1 0 1 1 2 0 1 2 3 0 1 3 4 0 1 4 5 0 1 5 6 0 1 6 7 0 1 7 11 
8 0 1 0 1 0 1 1 2 0 1 2 3 0 1 3 4 0 1 4 5 0 1 5 6 0 1 6 8 0 1 8 11 
8 0 1 0 1 0 1 1 2 0 1 2 3 0 1 3 4 0 1 4 5 0 1 5 6 0 1 6 9 0 1 9 11 
8 0 1 0 1 0 1 1 2 0 1 2 3 0 1 3 4 0 1 4 5 0 1 5 6 0 1 6 10 0 1 10 11 
7 0 1 0 1 0 1 1 2 0 1 2 3 0 1 3 4 0 1 4 5 0 1 5 6 0 1 6 11 
8 0 1 0 1 0 1 1 2 0 1 2 3 0 1 3 4 0 1 4 5 0 1 5 7 0 1 7 8 0 1 8 11 
8 0 1 0 1 0 1 1 2 0 1 2 3 0 1 3 4 0 1 4 5 0 1 5 7 0 1 7 9 0 1 9 11 
8 0 1 0 1 0 1 1 2 0 1 2 3 0 1 3 4 0 1 4 5 0 1 5 7 0 1 7 10 0 1 10 11 
7 0 1 0 1 0 1 1 2 0 1 2 3 0 1 3 4 0 1 4 5 0 1 5 7 0 1 7 11 
8 0 1 0 1 0 1 1 2 0 1 2 3 0 1 3 4 0 1 4 5 0 1 5 8 0 1 8 9 0 1 9 11 
8 0 1 0 1 0 1 1 2 0 1 2 3 0 1 3 4 0 1 4 5 0 1 5 8 0 1 8 10 0 1 10 11 
7 0 1 0 1 0 1 1 2 0 1 2 3 0 1 3 4 0 1 4 5 0 1 5 8 0 1 8 11 
8 0 1 0 1 0 1 1 2 0 1 2 3 0 1 3 4 0 1 4 5 0 1 5 9 0 1 9 10 0 1 10 11 
7 0 1 0 1 0 1 1 2 0 1 2 3 0 1 3 4 0 1 4 5 0 1 5 9 0 1 9 11 
7 0 1 0 1 0 1 1 2 0 1 2 3 0 1 3 4 0 1 4 5 0 1 5 10 0 1 10 11 
6 0 1 0 1 0 1 1 2 0 1 2 3 0 1 3 4 0 1 4 5 0 1 5 11 
8 0 1 0 1 0 1 1 2 0 1 2 3 0 1 3 4 0 1 4 6 0 1 6 7 0 1 7 8 0 1 8 11 
8 0 1 0 1 0 1 1 2 0 1 2 3 0 1 3 4 0 1 4 6 0 1 6 7 0 1 7 9 0 1 9 11 
8 0 1 0 1 0 1 1 2 0 1 2 3 0 1 3 4 0 1 4 6 0 1 6 7 0 1 7 10 0 1 10 11 
7 0 1 0 1 0 1 1 2 0 1 2 3 0 1 3 4 0 1 4 6 0 1 6 7 0 1 7 11 
8 0 1 0 1 0 1 1 2 0 1 2 3 0 1 3 4 0 1 4 6 0 1 6 8 0 1 8 9 0 1 9 11 
8 0 1 0 1 0 1 1 2 0 1 2 3 0 1 3 4 0 1 4 6 0 1 6 8 0 1 8 10 0 1 10 11 
7 0 1 0 1 0 1 1 2 0 1 2 3 0 1 3 4 0 1 4 6 0 1 6 8 0 1 8 11 
8 0 1 0 1 0 1 1 2 0 1 2 3 0 1 3 4 0 1 4 6 0 1 6 9 0 1 9 10 0 1 10 11 
7 0 1 0 1 0 1 1 2 0 1 2 3 0 1 3 4 0 1 4 6 0 1 6 9 0 1 9 11 
7 0 1 0 1 0 1 1 2 0 1 2 3 0 1 3 4 0 1 4 6 0 1 6 10 0 1 10 11 
6 0 1 0 1 0 1 1 2 0 1 2 3 0 1 3 4 0 1 4 6 0 1 6 11 
8 0 1 0 1 0 1 1 2 0 1 2 3 0 1 3 4 0 1 4 7 0 1 7 8 0 1 8 9 0 1 9 11 
8 0 1 0 1 0 1 1 2 0 1 2 3 0 1 3 4 0 1 4 7 0 1 7 8 0 1 8 10 0 1 10 11 
7 0 1 0 1 0 1 1 2 0 1 2 3 0 1 3 4 0 1 4 7 0 1 7 8 0 1 8 11 
8 0 1 0 1 0 1 1 2 0 1 2 3 0 1 3 4 0 1 4 7 0 1 7 9 0 1 9 10 0 1 10 11 
7 0 1 0 1 0 1 1 2 0 1 2 3 0 1 3 4 0 1 4 7 0 1 7 9 0 1 9 11 
7 0 1 0 1 0 1 1 2 0 1 2 3 0 1 3 4 0 1 4 7 0 1 7 10 0 1 10 11 
6 0 1 0 1 0 1 1 2 0 1 2 3 0 1 3 4 0 1 4 7 0 1 7 11 
8 0 1 0 1 0 1 1 2 0 1 2 3 0 1 3 4 0 1 4 8 0 1 8 9 0 1 9 10 0 1 10 11 
7 0 1 0 1 0 1 1 2 0 1 2 3 0 1 3 4 0 1 4 8 0 1 8 9 0 1 9 11 
7 0 1 0 1 0 1 1 2 0 1 2 3 0 1 3 4 0 1 4 8 0 1 8 10 0 1 10 11 
6 0 1 0 1 0 1 1 2 0 1 2 3 0 1 3 4 0 1 4 8 0 1 8 11 
7 0 1 0 1 0 1 1 2 0 1 2 3 0 1 3 4 0 1 4 9 0 1 9 10 0 1 10 11 
6 0 1 0 1 0 1 1 2 0 1 2 3 0 1 3 4 0 1 4 9 0 1 9 11 
6 0 1 0 1 0 1 1 2 0 1 2 3 0 1 3 4 0 1 4 10 0 1 10 11 
5 0 1 0 1 0 1 1 2 0 1 2 3 0 1 3 4 0 1 4 11 
8 0 1 0 1 0 1 1 2 0 1 2 3 0 1 3 5 0 1 5 6 0 1 6 7 0 1 7 8 0 1 8 11 
8 0 1 0 1 0 1 1 2 0 1 2 3 0 1 3 5 0 1 5 6 0 1 6 7 0 1 7 9 0 1 9 11 
8 0 1 0 1 0 1 1 2 0 1 2 3 0 1 3 5 0 1 5 6 0 1 6 7 0 1 7 10 0 1 10 11 
7 0 1 0 1 0 1 1 2 0 1 2 3 0 1 3 5 0 1 5 6 0 1 6 7 0 1 7 11 
8 0 1 0 1 0 1 1 2 0 1 2 3 0 1 3 5 0 1 5 6 0 1 6 8 0 1 8 9 0 1 9 11 
8 0 1 0 1 0 1 1 2 0 1 2 3 0 1 3 5 0 1 5 6 0 1 6 8 0 1 8 10 0 1 10 11 
7 0 1 0 1 0 1 1 2 0 1 2 3 0 1 3 5 0 1 5 6 0 1 6 8 0 1 8 11 
8 0 1 0 1 0 1 1 2 0 1 2 3 0 1 3 5 0 1 5 6 0 1 6 9 0 1 9 10 0 1 10 11 
7 0 1 0 1 0 1 1 2 0 1 2 3 0 1 3 5 0 1 5 6 0 1 6 9 0 1 9 11 
7 0 1 0 1 0 1 1 2 0 1 2 3 0 1 3 5 0 1 5 6 0 1 6 10 0 1 10 11 
6 0 1 0 1 0 1 1 2 0 1 2 3 0 1 3 5 0 1 5 6 0 1 6 11 
8 0 1 0 1 0 1 1 2 0 1 2 3 0 1 3 5 0 1 5 7 0 1 7 8 0 1 8 9 0 1 9 11 
8 0 1 0 1 0 1 1 2 0 1 2 3 0 1 3 5 0 1 5 7 0 1 7 8 0 1 8 10 0 1 10 11 
7 0 1 0 1 0 1 1 2 0 1 2 3 0 1 3 5 0 1 5 7 0 1 7 8 0 1 8 11 
8 0 1 0 1 0 1 1 2 0 1 2 3 0 1 3 5 0 1 5 7 0 1 7 9 0 1 9 10 0 1 10 11 
7 0 1 0 1 0 1 1 2 0 1 2 3 0 1 3 5 0 1 5 7 0 1 7 9 0 1 9 11 
7 0 1 0 1 0 1 1 2 0 1 2 3 0 1 3 5 0 1 5 7 0 1 7 10 0 1 10 11 
6 0 1 0 1 0 1 1 2 0 1 2 3 0 1 3 5 0 1 5 7 0 1 7 11 
8 0 1 0 1 0 1 1 2 0 1 2 3 0 1 3 5 0 1 5 8 0 1 8 9 0 1 9 10 0 1 10 11 
7 0 1 0 1 0 1 1 2 0 1 2 3 0 1 3 5 0 1 5 8 0 1 8 9 0 1 9 11 
7 0 1 0 1 0 1 1 2 0 1 2 3 0 1 3 5 0 1 5 8 0 1 8 10 0 1 10 11 
6 0 1 0 1 0 1 1 2 0 1 2 3 0 1 3 5 0 1 5 8 0 1 8 11 
7 0 1 0 1 0 1 1 2 0 1 2 3 0 1 3 5 0 1 5 9 0 1 9 10 0 1 10 11 
6 0 1 0 1 0 1 1 2 0 1 2 3 0 1 3 5 0 1 5 9 0 1 9 11 
6 0 1 0 1 0 1 1 2 0 1 2 3 0 1 3 5 0 1 5 10 0 1 10 11 
5 0 1 0 1 0 1 1 2 0 1 2 3 0 1 3 5 0 1 5 11 
8 0 1 0 1 0 1 1 2 0 1 2 3 0 1 3 6 0 1 6 7 0 1 7 8 0 1 8 9 0 1 9 11 
8 0 1 0 1 0 1 1 2 0 1 2 3 0 1 3 6 0 1 6 7 0 1 7 8 0 1 8 10 0 1 10 11 
7 0 1 0 1 0 1 1 2 0 1 2 3 0 1 3 6 0 1 6 7 0 1 7 8 0 1 8 11 
8 0 1 0 1 0 1 1 2 0 1 2 3 0 1 3 6 0 1 6 7 0 1 7 9 0 1 9 10 0 1 10 11 
7 0 1 0 1 0 1 1 2 0 1 2 3 0 1 3 6 0 1 6 7 0 1 7 9 0 1 9 11 
7 0 1 0 1 0 1 1 2 0 1 2 3 0 1 3 6 0 1 6 7 0 1 7 10 0 1 10 11 
6 0 1 0 1 0 1 1 2 0 1 2 3 0 1 3 6 0 1 6 7 0 1 7 11 
8 0 1 0 1 0 1 1 2 0 1 2 3 0 1 3 6 0 1 6 8 0 1 8 9 0 1 9 10 0 1 10 11 
7 0 1 0 1 0 1 1 2 0 1 2 3 0 1 3 6 0 1 6 8 0 1 8 9 0 1 9 11 
7 0 1 0 1 0 1 1 2 0 1 2 3 0 1 3 6 0 1 6 8 0 1 8 10 0 1 10 11 
6 0 1 0 1 0 1 1 2 0 1 2 3 0 1 3 6 0 1 6 8 0 1 8 11 
7 0 1 0 1 0 1 1 2 0 1 2 3 0 1 3 6 0 1 6 9 0 1 9 10 0 1 10 11 
6 0 1 0 1 0 1 1 2 0 1 2 3 0 1 3 6 0 1 6 9 0 1 9 11 
6 0 1 0 1 0 1 1 2 0 1 2 3 0 1 3 6 0 1 6 10 0 1 10 11 
5 0 1 0 1 0 1 1 2 0 1 2 3 0 1 3 6 0 1 6 11 
8 0 1 0 1 0 1 1 2 0 1 2 3 0 1 3 7 0 1 7 8 0 1 8 9 0 1 9 10 0 1 10 11 
7 0 1 0 1 0 1 1 2 0 1 2 3 0 1 3 7 0 1 7 8 0 1 8 9 0 1 9 11 
7 0 1 0 1 0 1 1 2 0 1 2 3 0 1 3 7 0 1 7 8 0 1 8 10 0 1 10 11 
6 0 1 0 1 0 1 1 2 0 1 2 3 0 1 3 7 0 1 7 8 0 1 8 11 
7 0 1 0 1 0 1 1 2 0 1 2 3 0 1 3 7 0 1 7 9 0 1 9 10 0 1 10 11 
6 0 1 0 1 0 1 1 2 0 1 2 3 0 1 3 7 0 1 7 9 0 1 9 11 
6 0 1 0 1 0 1 1 2 0 1 2 3 0 1 3 7 0 1 7 10 0 1 10 11 
5 0 1 0 1 0 1 1 2 0 1 2 3 0 1 3 7 0 1 7 11 
7 0 1 0 1 0 1 1 2 0 1 2 3 0 1 3 8 0 1 8 9 0 1 9 10 0 1 10 11 
6 0 1 0 1 0 1 1 2 0 1 2 3 0 1 3 8 0 1 8 9 0 1 9 11 
6 0 1 0 1 0 1 1 2 0 1 2 3 0 1 3 8 0 1 8 10 0 1 10 11 
5 0 1 0 1 0 1 1 2 0 1 2 3 0 1 3 8 0 1 8 11 
6 0 1 0 1 0 1 1 2 0 1 2 3 0 1 3 9 0 1 9 10 0 1 10 11 
5 0 1 0 1 0 1 1 2 0 1 2 3 0 1 3 9 0 1 9 11 
5 0 1 0 1 0 1 1 2 0 1 2 3 0 1 3 10 0 1 10 11 
4 0 1 0 1 0 1 1 2 0 1 2 3 0 1 3 11 
8 0 1 0 1 0 1 1 2 0 1 2 4 0 1 4 5 0 1 5 6 0 1 6 7 0 1 7 8 0 1 8 11 
8 0 1 0 1 0 1 1 2 0 1 2 4 0 1 4 5 0 1 5 6 0 1 6 7 0 1 7 9 0 1 9 11 
8 0 1 0 1 0 1 1 2 0 1 2 4 0 1 4 5 0 1 5 6 0 1 6 7 0 1 7 10 0 1 10 11 
7 0 1 0 1 0 1 1 2 0 1 2 4 0 1 4 5 0 1 5 6 0 1 6 7 0 1 7 11 
8 0 1 0 1 0 1 1 2 0 1 2 4 0 1 4 5 0 1 5 6 0 1 6 8 0 1 8 9 0 1 9 11 
8 0 1 0 1 0 1 1 2 0 1 2 4 0 1 4 5 0 1 5 6 0 1 6 8 0 1 8 10 0 1 10 11 
7 0 1 0 1 0 1 1 2 0 1 2 4 0 1 4 5 0 1 5 6 0 1 6 8 0 1 8 11 
8 0 1 0 1 0 1 1 2 0 1 2 4 0 1 4 5 0 1 5 6 0 1 6 9 0 1 9 10 0 1 10 11 
7 0 1 0 1 0 1 1 2 0 1 2 4 0 1 4 5 0 1 5 6 0 1 6 9 0 1 9 11 
7 0 1 0 1 0 1 1 2 0 1 2 4 0 1 4 5 0 1 5 6 0 1 6 10 0 1 10 11 
6 0 1 0 1 0 1 1 2 0 1 2 4 0 1 4 5 0 1 5 6 0 1 6 11 
8 0 1 0 1 0 1 1 2 0 1 2 4 0 1 4 5 0 1 5 7 0 1 7 8 0 1 8 9 0 1 9 11 
8 0 1 0 1 0 1 1 2 0 1 2 4 0 1 4 5 0 1 5 7 0 1 7 8 0 1 8 10 0 1 10 11 
7 0 1 0 1 0 1 1 2 0 1 2 4 0 1 4 5 0 1 5 7 0 1 7 8 0 1 8 11 
8 0 1 0 1 0 1 1 2 0 1 2 4 0 1 4 5 0 1 5 7 0 1 7 9 0 1 9 10 0 1 10 11 
7 0 1 0 1 0 1 1 2 0 1 2 4 0 1 4 5 0 1 5 7 0 1 7 9 0 1 9 11 
7 0 1 0 1 0 1 1 2 0 1 2 4 0 1 4 5 0 1 5 7 0 1 7 10 0 1 10 11 
6 0 1 0 1 0 1 1 2 0 1 2 4 0 1 4 5 0 1 5 7 0 1 7 11 
8 0 1 0 1 0 1 1 2 0 1 2 4 0 1 4 5 0 1 5 8 0 1 8 9 0 1 9 10 0 1 10 11 
7 0 1 0 1 0 1 1 2 0 1 2 4 0 1 4 5 0 1 5 8 0 1 8 9 0 1 9 11 
7 0 1 0 1 0 1 1 2 0 1 2 4 0 1 4 5 0 1 5 8 0 1 8 10 0 1 10 11 
6 0 1 0 1 0 1 1 2 0 1 2 4 0 1 4 5 0 1 5 8 0 1 8 11 
7 0 1 0 1 0 1 1 2 0 1 2 4 0 1 4 5 0 1 5 9 0 1 9 10 0 1 10 11 
6 0 1 0 1 0 1 1 2 0 1 2 4 0 1 4 5 0 1 5 9 0 1 9 11 
6 0 1 0 1 0 1 1 2 0 1 2 4 0 1 4 5 0 1 5 10 0 1 10 11 
5 0 1 0 1 0 1 1 2 0 1 2 4 0 1 4 5 0 1 5 11 
8 0 1 0 1 0 1 1 2 0 1 2 4 0 1 4 6 0 1 6 7 0 1 7 8 0 1 8 9 0 1 9 11 
8 0 1 0 1 0 1 1 2 0 1 2 4 0 1 4 6 0 1 6 7 0 1 7 8 0 1 8 10 0 1 10 11 
7 0 1 0 1 0 1 1 2 0 1 2 4 0 1 4 6 0 1 6 7 0 1 7 8 0 1 8 11 
8 0 1 0 1 0 1 1 2 0 1 2 4 0 1 4 6 0 1 6 7 0 1 7 9 0 1 9 10 0 1 10 11 
7 0 1 0 1 0 1 1 2 0 1 2 4 0 1 4 6 0 1 6 7 0 1 7 9 0 1 9 11 
7 0 1 0 1 0 1 1 2 0 1 2 4 0 1 4 6 0 1 6 7 0 1 7 10 0 1 10 11 
6 0 1 0 1 0 1 1 2 0 1 2 4 0 1 4 6 0 1 6 7 0 1 7 11 
8 0 1 0 1 0 1 1 2 0 1 2 4 0 1 4 6 0 1 6 8 0 1 8 9 0 1 9 10 0 1 10 11 
7 0 1 0 1 0 1 1 2 0 1 2 4 0 1 4 6 0 1 6 8 0 1 8 9 0 1 9 11 
7 0 1 0 1 0 1 1 2 0 1 2 4 0 1 4 6 0 1 6 8 0 1 8 10 0 1 10 11 
6 0 1 0 1 0 1 1 2 0 1 2 4 0 1 4 6 0 1 6 8 0 1 8 11 
7 0 1 0 1 0 1 1 2 0 1 2 4 0 1 4 6 0 1 6 9 0 1 9 10 0 1 10 11 
6 0 1 0 1 0 1 1 2 0 1 2 4 0 1 4 6 0 1 6 9 0 1 9 11 
6 0 1 0 1 0 1 1 2 0 1 2 4 0 1 4 6 0 1 6 10 0 1 10 11 
5 0 1 0 1 0 1 1 2 0 1 2 4 0 1 4 6 0 1 6 11 
8 0 1 0 1 0 1 1 2 0 1 2 4 0 1 4 7 0 1 7 8 0 1 8 9 0 1 9 10 0 1 10 11 
7 0 1 0 1 0 1 1 2 0 1 2 4 0 1 4 7 0 1 7 8 0 1 8 9 0 1 9 11 
7 0 1 0 1 0 1 1 2 0 1 2 4 0 1 4 7 0 1 7 8 0 1 8 10 0 1 10 11 
6 0 1 0 1 0 1 1 2 0 1 2 4 0 1 4 7 0 1 7 8 0 1 8 11 
7 0 1 0 1 0 1 1 2 0 1 2 4 0 1 4 7 0 1 7 9 0 1 9 10 0 1 10 11 
6 0 1 0 1 0 1 1 2 0 1 2 4 0 1 4 7 0 1 7 9 0 1 9 11 
6 0 1 0 1 0 1 1 2 0 1 2 4 0 1 4 7 0 1 7 10 0 1 10 11 
5 0 1 0 1 0 1 1 2 0 1 2 4 0 1 4 7 0 1 7 11 
7 0 1 0 1 0 1 1 2 0 1 2 4 0 1 4 8 0 1 8 9 0 1 9 10 0 1 10 11 
6 0 1 0 1 0 1 1 2 0 1 2 4 0 1 4 8 0 1 8 9 0 1 9 11 
6 0 1 0 1 0 1 1 2 0 1 2 4 0 1 4 8 0 1 8 10 0 1 10 11 
5 0 1 0 1 0 1 1 2 0 1 2 4 0 1 4 8 0 1 8 11 
6 0 1 0 1 0 1 1 2 0 1 2 4 0 1 4 9 0 1 9 10 0 1 10 11 
5 0 1 0 1 0 1 1 2 0 1 2 4 0 1 4 9 0 1 9 11 
5 0 1 0 1 0 1 1 2 0 1 2 4 0 1 4 10 0 1 10 11 
4 0 1 0 1 0 1 1 2 0 1 2 4 0 1 4 11 
8 0 1 0 1 0 1 1 2 0 1 2 5 0 1 5 6 0 1 6 7 0 1 7 8 0 1 8 9 0 1 9 11 
8 0 1 0 1 0 1 1 2 0 1 2 5 0 1 5 6 0 1 6 7 0 1 7 8 0 1 8 10 0 1 10 11 
7 0 1 0 1 0 1 1 2 0 1 2 5 0 1 5 6 0 1 6 7 0 1 7 8 0 1 8 11 
8 0 1 0 1 0 1 1 2 0 1 2 5 0 1 5 6 0 1 6 7 0 1 7 9 0 1 9 10 0 1 10 11 
7 0 1 0 1 0 1 1 2 0 1 2 5 0 1 5 6 0 1 6 7 0 1 7 9 0 1 9 11 
7 0 1 0 1 0 1 1 2 0 1 2 5 0 1 5 6 0 1 6 7 0 1 7 10 0 1 10 11 
6 0 1 0 1 0 1 1 2 0 1 2 5 0 1 5 6 0 1 6 7 0 1 7 11 
8 0 1 0 1 0 1 1 2 0 1 2 5 0 1 5 6 0 1 6 8 0 1 8 9 0 1 9 10 0 1 10 11 
7 0 1 0 1 0 1 1 2 0 1 2 5 0 1 5 6 0 1 6 8 0 1 8 9 0 1 9 11 
7 0 1 0 1 0 1 1 2 0 1 2 5 0 1 5 6 0 1 6 8 0 1 8 10 0 1 10 11 
6 0 1 0 1 0 1 1 2 0 1 2 5 0 1 5 6 0 1 6 8 0 1 8 11 
7 0 1 0 1 0 1 1 2 0 1 2 5 0 1 5 6 0 1 6 9 0 1 9 10 0 1 10 11 
6 0 1 0 1 0 1 1 2 0 1 2 5 0 1 5 6 0 1 6 9 0 1 9 11 
6 0 1 0 1 0 1 1 2 0 1 2 5 0 1 5 6 0 1 6 10 0 1 10 11 
5 0 1 0 1 0 1 1 2 0 1 2 5 0 1 5 6 0 1 6 11 
8 0 1 0 1 0 1 1 2 0 1 2 5 0 1 5 7 0 1 7 8 0 1 8 9 0 1 9 10 0 1 10 11 
7 0 1 0 1 0 1 1 2 0 1 2 5 0 1 5 7 0 1 7 8 0 1 8 9 0 1 9 11 
7 0 1 0 1 0 1 1 2 0 1 2 5 0 1 5 7 0 1 7 8 0 1 8 10 0 1 10 11 
6 0 1 0 1 0 1 1 2 0 1 2 5 0 1 5 7 0 1 7 8 0 1 8 11 
7 0 1 0 1 0 1 1 2 0 1 2 5 0 1 5 7 0 1 7 9 0 1 9 10 0 1 10 11 
6 0 1 0 1 0 1 1 2 0 1 2 5 0 1 5 7 0 1 7 9 0 1 9 11 
6 0 1 0 1 0 1 1 2 0 1 2 5 0 1 5 7 0 1 7 10 0 1 10 11 
5 0 1 0 1 0 1 1 2 0 1 2 5 0 1 5 7 0 1 7 11 
7 0 1 0 1 0 1 1 2 0 1 2 5 0 1 5 8 0 1 8 9 0 1 9 10 0 1 10 11 
6 0 1 0 1 0 1 1 2 0 1 2 5 0 1 5 8 0 1 8 9 0 1 9 11 
6 0 1 0 1 0 1 1 2 0 1 2 5 0 1 5 8 0 1 8 10 0 1 10 11 
5 0 1 0 1 0 1 1 2 0 1 2 5 0 1 5 8 0 1 8 11 
6 0 1 0 1 0 1 1 2 0 1 2 5 0 1 5 9 0 1 9 10 0 1 10 11 
5 0 1 0 1 0 1 1 2 0 1 2 5 0 1 5 9 0 1 9 11 
5 0 1 0 1 0 1 1 2 0 1 2 5 0 1 5 10 0 1 10 11 
4 0 1 0 1 0 1 1 2 0 1 2 5 0 1 5 11 
8 0 1 0 1 0 1 1 2 0 1 2 6 0 1 6 7 0 1 7 8 0 1 8 9 0 1 9 10 0 1 10 11 
7 0 1 0 1 0 1 1 2 0 1 2 6 0 1 6 7 0 1 7 8 0 1 8 9 0 1 9 11 
7 0 1 0 1 0 1 1 2 0 1 2 6 0 1 6 7 0 1 7 8 0 1 8 10 0 1 10 11 
6 0 1 0 1 0 1 1 2 0 1 2 6 0 1 6 7 0 1 7 8 0 1 8 11 
7 0 1 0 1 0 1 1 2 0 1 2 6 0 1 6 7 0 1 7 9 0 1 9 10 0 1 10 11 
6 0 1 0 1 0 1 1 2 0 1 2 6 0 1 6 7 0 1 7 9 0 1 9 11 
6 0 1 0 1 0 1 1 2 0 1 2 6 0 1 6 7 0 1 7 10 0 1 10 11 
5 0 1 0 1 0 1 1 2 0 1 2 6 0 1 6 7 0 1 7 11 
7 0 1 0 1 0 1 1 2 0 1 2 6 0 1 6 8 0 1 8 9 0 1 9 10 0 1 10 11 
6 0 1 0 1 0 1 1 2 0 1 2 6 0 1 6 8 0 1 8 9 0 1 9 11 
6 0 1 0 1 0 1 1 2 0 1 2 6 0 1 6 8 0 1 8 10 0 1 10 11 
5 0 1 0 1 0 1 1 2 0 1 2 6 0 1 6 8 0 1 8 11 
6 0 1 0 1 0 1 1 2 0 1 2 6 0 1 6 9 0 1 9 10 0 1 10 11 
5 0 1 0 1 0 1 1 2 0 1 2 6 0 1 6 9 0 1 9 11 
5 0 1 0 1 0 1 1 2 0 1 2 6 0 1 6 10 0 1 10 11 
4 0 1 0 1 0 1 1 2 0 1 2 6 0 1 6 11 
7 0 1 0 1 0 1 1 2 0 1 2 7 0 1 7 8 0 1 8 9 0 1 9 10 0 1 10 11 
6 0 1 0 1 0 1 1 2 0 1 2 7 0 1 7 8 0 1 8 9 0 1 9 11 
6 0 1 0 1 0 1 1 2 0 1 2 7 0 1 7 8 0 1 8 10 0 1 10 11 
5 0 1 0 1 0 1 1 2 0 1 2 7 0 1 7 8 0 1 8 11 
6 0 1 0 1 0 1 1 2 0 1 2 7 0 1 7 9 0 1 9 10 0 1 10 11 
5 0 1 0 1 0 1 1 2 0 1 2 7 0 1 7 9 0 1 9 11 
5 0 1 0 1 0 1 1 2 0 1 2 7 0 1 7 10 0 1 10 11 
4 0 1 0 1 0 1 1 2 0 1 2 7 0 1 7 11 
6 0 1 0 1 0 1 1 2 0 1 2 8 0 1 8 9 0 1 9 10 0 1 10 11 
5 0 1 0 1 0 1 1 2 0 1 2 8 0 1 8 9 0 1 9 11 
5 0 1 0 1 0 1 1 2 0 1 2 8 0 1 8 10 0 1 10 11 
4 0 1 0 1 0 1 1 2 0 1 2 8 0 1 8 11 
5 0 1 0 1 0 1 1 2 0 1 2 9 0 1 9 10 0 1 10 11 
4 0 1 0 1 0 1 1 2 0 1 2 9 0 1 9 11 
4 0 1 0 1 0 1 1 2 0 1 2 10 0 1 10 11 
3 0 1 0 1 0 1 1 2 0 1 2 11 
8 0 1 0 1 0 1 1 3 0 1 3 4 0 1 4 5 0 1 5 6 0 1 6 7 0 1 7 8 0 1 8 11 
8 0 1 0 1 0 1 1 3 0 1 3 4 0 1 4 5 0 1 5 6 0 1 6 7 0 1 7 9 0 1 9 11 
8 0 1 0 1 0 1 1 3 0 1 3 4 0 1 4 5 0 1 5 6 0 1 6 7 0 1 7 10 0 1 10 11 
7 0 1 0 1 0 1 1 3 0 1 3 4 0 1 4 5 0 1 5 6 0 1 6 7 0 1 7 11 
8 0 1 0 1 0 1 1 3 0 1 3 4 0 1 4 5 0 1 5 6 0 1 6 8 0 1 8 9 0 1 9 11 
8 0 1 0 1 0 1 1 3 0 1 3 4 0 1 4 5 0 1 5 6 0 1 6 8 0 1 8 10 0 1 10 11 
7 0 1 0 1 0 1 1 3 0 1 3 4 0 1 4 5 0 1 5 6 0 1 6 8 0 1 8 11 
8 0 1 0 1 0 1 1 3 0 1 3 4 0 1 4 5 0 1 5 6 0 1 6 9 0 1 9 10 0 1 10 11 
7 0 1 0 1 0 1 1 3 0 1 3 4 0 1 4 5 0 1 5 6 0 1 6 9 0 1 9 11 
7 0 1 0 1 0 1 1 3 0 1 3 4 0 1 4 5 0 1 5 6 0 1 6 10 0 1 10 11 
6 0 1 0 1 0 1 1 3 0 1 3 4 0 1 4 5 0 1 5 6 0 1 6 11 
8 0 1 0 1 0 1 1 3 0 1 3 4 0 1 4 5 0 1 5 7 0 1 7 8 0 1 8 9 0 1 9 11 
8 0 1 0 1 0 1 1 3 0 1 3 4 0 1 4 5 0 1 5 7 0 1 7 8 0 1 8 10 0 1 10 11 
7 0 1 0 1 0 1 1 3 0 1 3 4 0 1 4 5 0 1 5 7 0 1 7 8 0 1 8 11 
8 0 1 0 1 0 1 1 3 0 1 3 4 0 1 4 5 0 1 5 7 0 1 7 9 0 1 9 10 0 1 10 11 
7 0 1 0 1 0 1 1 3 0 1 3 4 0 1 4 5 0 1 5 7 0 1 7 9 0 1 9 11 
7 0 1 0 1 0 1 1 3 0 1 3 4 0 1 4 5 0 1 5 7 0 1 7 10 0 1 10 11 
6 0 1 0 1 0 1 1 3 0 1 3 4 0 1 4 5 0 1 5 7 0 1 7 11 
8 0 1 0 1 0 1 1 3 0 1 3 4 0 1 4 5 0 1 5 8 0 1 8 9 0 1 9 10 0 1 10 11 
7 0 1 0 1 0 1 1 3 0 1 3 4 0 1 4 5 0 1 5 8 0 1 8 9 0 1 9 11 
7 0 1 0 1 0 1 1 3 0 1 3 4 0 1 4 5 0 1 5 8 0 1 8 10 0 1 10 11 
6 0 1 0 1 0 1 1 3 0 1 3 4 0 1 4 5 0 1 5 8 0 1 8 11 
7 0 1 0 1 0 1 1 3 0 1 3 4 0 1 4 5 0 1 5 9 0 1 9 10 0 1 10 11 
6 0 1 0 1 0 1 1 3 0 1 3 4 0 1 4 5 0 1 5 9 0 1 9 11 
6 0 1 0 1 0 1 1 3 0 1 3 4 0 1 4 5 0 1 5 10 0 1 10 11 
5 0 1 0 1 0 1 1 3 0 1 3 4 0 1 4 5 0 1 5 11 
8 0 1 0 1 0 1 1 3 0 1 3 4 0 1 4 6 0 1 6 7 0 1 7 8 0 1 8 9 0 1 9 11 
8 0 1 0 1 0 1 1 3 0 1 3 4 0 1 4 6 0 1 6 7 0 1 7 8 0 1 8 10 0 1 10 11 
7 0 1 0 1 0 1 1 3 0 1 3 4 0 1 4 6 0 1 6 7 0 1 7 8 0 1 8 11 
8 0 1 0 1 0 1 1 3 0 1 3 4 0 1 4 6 0 1 6 7 0 1 7 9 0 1 9 10 0 1 10 11 
7 0 1 0 1 0 1 1 3 0 1 3 4 0 1 4 6 0 1 6 7 0 1 7 9 0 1 9 11 
7 0 1 0 1 0 1 1 3 0 1 3 4 0 1 4 6 0 1 6 7 0 1 7 10 0 1 10 11 
6 0 1 0 1 0 1 1 3 0 1 3 4 0 1 4 6 0 1 6 7 0 1 7 11 
8 0 1 0 1 0 1 1 3 0 1 3 4 0 1 4 6 0 1 6 8 0 1 8 9 0 1 9 10 0 1 10 11 
7 0 1 0 1 0 1 1 3 0 1 3 4 0 1 4 6 0 1 6 8 0 1 8 9 0 1 9 11 
7 0 1 0 1 0 1 1 3 0 1 3 4 0 1 4 6 0 1 6 8 0 1 8 10 0 1 10 11 
6 0 1 0 1 0 1 1 3 0 1 3 4 0 1 4 6 0 1 6 8 0 1 8 11 
7 0 1 0 1 0 1 1 3 0 1 3 4 0 1 4 6 0 1 6 9 0 1 9 10 0 1 10 11 
6 0 1 0 1 0 1 1 3 0 1 3 4 0 1 4 6 0 1 6 9 0 1 9 11 
6 0 1 0 1 0 1 1 3 0 1 3 4 0 1 4 6 0 1 6 10 0 1 10 11 
5 0 1 0 1 0 1 1 3 0 1 3 4 0 1 4 6 0 1 6 11 
8 0 1 0 1 0 1 1 3 0 1 3 4 0 1 4 7 0 1 7 8 0 1 8 9 0 1 9 10 0 1 10 11 
7 0 1 0 1 0 1 1 3 0 1 3 4 0 1 4 7 0 1 7 8 0 1 8 9 0 1 9 11 
7 0 1 0 1 0 1 1 3 0 1 3 4 0 1 4 7 0 1 7 8 0 1 8 10 0 1 10 11 
6 0 1 0 1 0 1 1 3 0 1 3 4 0 1 4 7 0 1 7 8 0 1 8 11 
7 0 1 0 1 0 1 1 3 0 1 3 4 0 1 4 7 0 1 7 9 0 1 9 10 0 1 10 11 
6 0 1 0 1 0 1 1 3 0 1 3 4 0 1 4 7 0 1 7 9 0 1 9 11 
6 0 1 0 1 0 1 1 3 0 1 3 4 0 1 4 7 0 1 7 10 0 1 10 11 
5 0 1 0 1 0 1 1 3 0 1 3 4 0 1 4 7 0 1 7 11 
7 0 1 0 1 0 1 1 3 0 1 3 4 0 1 4 8 0 1 8 9 0 1 9 10 0 1 10 11 
6 0 1 0 1 0 1 1 3 0 1 3 4 0 1 4 8 0 1 8 9 0 1 9 11 
6 0 1 0 1 0 1 1 3 0 1 3 4 0 1 4 8 0 1 8 10 0 1 10 11 
5 0 1 0 1 0 1 1 3 0 1 3 4 0 1 4 8 0 1 8 11 
6 0 1 0 1 0 1 1 3 0 1 3 4 0 1 4 9 0 1 9 10 0 1 10 11 
5 0 1 0 1 0 1 1 3 0 1 3 4 0 1 4 9 0 1 9 11 
5 0 1 0 1 0 1 1 3 0 1 3 4 0 1 4 10 0 1 10 11 
4 0 1 0 1 0 1 1 3 0 1 3 4 0 1 4 11 
8 0 1 0 1 0 1 1 3 0 1 3 5 0 1 5 6 0 1 6 7 0 1 7 8 0 1 8 9 0 1 9 11 
8 0 1 0 1 0 1 1 3 0 1 3 5 0 1 5 6 0 1 6 7 0 1 7 8 0 1 8 10 0 1 10 11 
7 0 1 0 1 0 1 1 3 0 1 3 5 0 1 5 6 0 1 6 7 0 1 7 8 0 1 8 11 
8 0 1 0 1 0 1 1 3 0 1 3 5 0 1 5 6 0 1 6 7 0 1 7 9 0 1 9 10 0 1 10 11 
7 0 1 0 1 0 1 1 3 0 1 3 5 0 1 5 6 0 1 6 7 0 1 7 9 0 1 9 11 
7 0 1 0 1 0 1 1 3 0 1 3 5 0 1 5 6 0 1 6 7 0 1 7 10 0 1 10 11 
6 0 1 0 1 0 1 1 3 0 1 3 5 0 1 5 6 0 1 6 7 0 1 7 11 
8 0 1 0 1 0 1 1 3 0 1 3 5 0 1 5 6 0 1 6 8 0 1 8 9 0 1 9 10 0 1 10 11 
7 0 1 0 1 0 1 1 3 0 1 3 5 0 1 5 6 0 1 6 8 0 1 8 9 0 1 9 11 
7 0 1 0 1 0 1 1 3 0 1 3 5 0 1 5 6 0 1 6 8 0 1 8 10 0 1 10 11 
6 0 1 0 1 0 1 1 3 0 1 3 5 0 1 5 6 0 1 6 8 0 1 8 11 
7 0 1 0 1 0 1 1 3 0 1 3 5 0 1 5 6 0 1 6 9 0 1 9 10 0 1 10 11 
6 0 1 0 1 0 1 1 3 0 1 3 5 0 1 5 6 0 1 6 9 0 1 9 11 
6 0 1 0 1 0 1 1 3 0 1 3 5 0 1 5 6 0 1 6 10 0 1 10 11 
5 0 1 0 1 0 1 1 3 0 1 3 5 0 1 5 6 0 1 6 11 
8 0 1 0 1 0 1 1 3 0 1 3 5 0 1 5 7 0 1 7 8 0 1 8 9 0 1 9 10 0 1 10 11 
7 0 1 0 1 0 1 1 3 0 1 3 5 0 1 5 7 0 1 7 8 0 1 8 9 0 1 9 11 
7 0 1 0 1 0 1 1 3 0 1 3 5 0 1 5 7 0 1 7 8 0 1 8 10 0 1 10 11 
6 0 1 0 1 0 1 1 3 0 1 3 5 0 1 5 7 0 1 7 8 0 1 8 11 
7 0 1 0 1 0 1 1 3 0 1 3 5 0 1 5 7 0 1 7 9 0 1 9 10 0 1 10 11 
6 0 1 0 1 0 1 1 3 0 1 3 5 0 1 5 7 0 1 7 9 0 1 9 11 
6 0 1 0 1 0 1 1 3 0 1 3 5 0 1 5 7 0 1 7 10 0 1 10 11 
5 0 1 0 1 0 1 1 3 0 1 3 5 0 1 5 7 0 1 7 11 
7 0 1 0 1 0 1 1 3 0 1 3 5 0 1 5 8 0 1 8 9 0 1 9 10 0 1 10 11 
6 0 1 0 1 0 1 1 3 0 1 3 5 0 1 5 8 0 1 8 9 0 1 9 11 
6 0 1 0 1 0 1 1 3 0 1 3 5 0 1 5 8 0 1 8 10 0 1 10 11 
5 0 1 0 1 0 1 1 3 0 1 3 5 0 1 5 8 0 1 8 11 
6 0 1 0 1 0 1 1 3 0 1 3 5 0 1 5 9 0 1 9 10 0 1 10 11 
5 0 1 0 1 0 1 1 3 0 1 3 5 0 1 5 9 0 1 9 11 
5 0 1 0 1 0 1 1 3 0 1 3 5 0 1 5 10 0 1 10 11 
4 0 1 0 1 0 1 1 3 0 1 3 5 0 1 5 11 
8 0 1 0 1 0 1 1 3 0 1 3 6 0 1 6 7 0 1 7 8 0 1 8 9 0 1 9 10 0 1 10 11 
7 0 1 0 1 0 1 1 3 0 1 3 6 0 1 6 7 0 1 7 8 0 1 8 9 0 1 9 11 
7 0 1 0 1 0 1 1 3 0 1 3 6 0 1 6 7 0 1 7 8 0 1 8 10 0 1 10 11 
6 0 1 0 1 0 1 1 3 0 1 3 6 0 1 6 7 0 1 7 8 0 1 8 11 
7 0 1 0 1 0 1 1 3 0 1 3 6 0 1 6 7 0 1 7 9 0 1 9 10 0 1 10 11 
6 0 1 0 1 0 1 1 3 0 1 3 6 0 1 6 7 0 1 7 9 0 1 9 11 
6 0 1 0 1 0 1 1 3 0 1 3 6 0 1 6 7 0 1 7 10 0 1 10 11 
5 0 1 0 1 0 1 1 3 0 1 3 6 0 1 6 7 0 1 7 11 
7 0 1 0 1 0 1 1 3 0 1 3 6 0 1 6 8 0 1 8 9 0 1 9 10 0 1 10 11 
6 0 1 0 1 0 1 1 3 0 1 3 6 0 1 6 8 0 1 8 9 0 1 9 11 
6 0 1 0 1 0 1 1 3 0 1 3 6 0 1 6 8 0 1 8 10 0 1 10 11 
5 0 1 0 1 0 1 1 3 0 1 3 6 0 1 6 8 0 1 8 11 
6 0 1 0 1 0 1 1 3 0 1 3 6 0 1 6 9 0 1 9 10 0 1 10 11 
5 0 1 0 1 0 1 1 3 0 1 3 6 0 1 6 9 0 1 9 11 
5 0 1 0 1 0 1 1 3 0 1 3 6 0 1 6 10 0 1 10 11 
4 0 1 0 1 0 1 1 3 0 1 3 6 0 1 6 11 
7 0 1 0 1 0 1 1 3 0 1 3 7 0 1 7 8 0 1 8 9 0 1 9 10 0 1 10 11 
6 0 1 0 1 0 1 1 3 0 1 3 7 0 1 7 8 0 1 8 9 0 1 9 11 
6 0 1 0 1 0 1 1 3 0 1 3 7 0 1 7 8 0 1 8 10 0 1 10 11 
5 0 1 0 1 0 1 1 3 0 1 3 7 0 1 7 8 0 1 8 11 
6 0 1 0 1 0 1 1 3 0 1 3 7 0 1 7 9 0 1 9 10 0 1 10 11 
5 0 1 0 1 0 1 1 3 0 1 3 7 0 1 7 9 0 1 9 11 
5 0 1 0 1 0 1 1 3 0 1 3 7 0 1 7 10 0 1 10 11 
4 0 1 0 1 0 1 1 3 0 1 3 7 0 1 7 11 
6 0 1 0 1 0 1 1 3 0 1 3 8 0 1 8 9 0 1 9 10 0 1 10 11 
5 0 1 0 1 0 1 1 3 0 1 3 8 0 1 8 9 0 1 9 11 
5 0 1 0 1 0 1 1 3 0 1 3 8 0 1 8 10 0 1 10 11 
4 0 1 0 1 0 1 1 3 0 1 3 8 0 1 8 11 
5 0 1 0 1 0 1 1 3 0 1 3 9 0 1 9 10 0 1 10 11 
4 0 1 0 1 0 1 1 3 0 1 3 9 0 1 9 11 
4 0 1 0 1 0 1 1 3 0 1 3 10 0 1 10 11 
3 0 1 0 1 0 1 1 3 0 1 3 11 
8 0 1 0 1 0 1 1 4 0 1 4 5 0 1 5 6 0 1 6 7 0 1 7 8 0 1 8 9 0 1 9 11 
8 0 1 0 1 0 1 1 4 0 1 4 5 0 1 5 6 0 1 6 7 0 1 7 8 0 1 8 10 0 1 10 11 
7 0 1 0 1 0 1 1 4 0 1 4 5 0 1 5 6 0 1 6 7 0 1 7 8 0 1 8 11 
8 0 1 0 1 0 1 1 4 0 1 4 5 0 1 5 6 0 1 6 7 0 1 7 9 0 1 9 10 0 1 10 11 
7 0 1 0 1 0 1 1 4 0 1 4 5 0 1 5 6 0 1 6 7 0 1 7 9 0 1 9 11 
7 0 1 0 1 0 1 1 4 0 1 4 5 0 1 5 6 0 1 6 7 0 1 7 10 0 1 10 11 
6 0 1 0 1 0 1 1 4 0 1 4 5 0 1 5 6 0 1 6 7 0 1 7 11 
8 0 1 0 1 0 1 1 4 0 1 4 5 0 1 5 6 0 1 6 8 0 1 8 9 0 1 9 10 0 1 10 11 
7 0 1 0 1 0 1 1 4 0 1 4 5 0 1 5 6 0 1 6 8 0 1 8 9 0 1 9 11 
7 0 1 0 1 0 1 1 4 0 1 4 5 0 1 5 6 0 1 6 8 0 1 8 10 0 1 10 11 
6 0 1 0 1 0 1 1 4 0 1 4 5 0 1 5 6 0 1 6 8 0 1 8 11 
7 0 1 0 1 0 1 1 4 0 1 4 5 0 1 5 6 0 1 6 9 0 1 9 10 0 1 10 11 
6 0 1 0 1 0 1 1 4 0 1 4 5 0 1 5 6 0 1 6 9 0 1 9 11 
6 0 1 0 1 0 1 1 4 0 1 4 5 0 1 5 6 0 1 6 10 0 1 10 11 
5 0 1 0 1 0 1 1 4 0 1 4 5 0 1 5 6 0 1 6 11 
8 0 1 0 1 0 1 1 4 0 1 4 5 0 1 5 7 0 1 7 8 0 1 8 9 0 1 9 10 0 1 10 11 
7 0 1 0 1 0 1 1 4 0 1 4 5 0 1 5 7 0 1 7 8 0 1 8 9 0 1 9 11 
7 0 1 0 1 0 1 1 4 0 1 4 5 0 1 5 7 0 1 7 8 0 1 8 10 0 1 10 11 
6 0 1 0 1 0 1 1 4 0 1 4 5 0 1 5 7 0 1 7 8 0 1 8 11 
7 0 1 0 1 0 1 1 4 0 1 4 5 0 1 5 7 0 1 7 9 0 1 9 10 0 1 10 11 
6 0 1 0 1 0 1 1 4 0 1 4 5 0 1 5 7 0 1 7 9 0 1 9 11 
6 0 1 0 1 0 1 1 4 0 1 4 5 0 1 5 7 0 1 7 10 0 1 10 11 
5 0 1 0 1 0 1 1 4 0 1 4 5 0 1 5 7 0 1 7 11 
7 0 1 0 1 0 1 1 4 0 1 4 5 0 1 5 8 0 1 8 9 0 1 9 10 0 1 10 11 
6 0 1 0 1 0 1 1 4 0 1 4 5 0 1 5 8 0 1 8 9 0 1 9 11 
6 0 1 0 1 0 1 1 4 0 1 4 5 0 1 5 8 0 1 8 10 0 1 10 11 
5 0 1 0 1 0 1 1 4 0 1 4 5 0 1 5 8 0 1 8 11 
6 0 1 0 1 0 1 1 4 0 1 4 5 0 1 5 9 0 1 9 10 0 1 10 11 
5 0 1 0 1 0 1 1 4 0 1 4 5 0 1 5 9 0 1 9 11 
5 0 1 0 1 0 1 1 4 0 1 4 5 0 1 5 10 0 1 10 11 
4 0 1 0 1 0 1 1 4 0 1 4 5 0 1 5 11 
8 0 1 0 1 0 1 1 4 0 1 4 6 0 1 6 7 0 1 7 8 0 1 8 9 0 1 9 10 0 1 10 11 
7 0 1 0 1 0 1 1 4 0 1 4 6 0 1 6 7 0 1 7 8 0 1 8 9 0 1 9 11 
7 0 1 0 1 0 1 1 4 0 1 4 6 0 1 6 7 0 1 7 8 0 1 8 10 0 1 10 11 
6 0 1 0 1 0 1 1 4 0 1 4 6 0 1 6 7 0 1 7 8 0 1 8 11 
7 0 1 0 1 0 1 1 4 0 1 4 6 0 1 6 7 0 1 7 9 0 1 9 10 0 1 10 11 
6 0 1 0 1 0 1 1 4 0 1 4 6 0 1 6 7 0 1 7 9 0 1 9 11 
6 0 1 0 1 0 1 1 4 0 1 4 6 0 1 6 7 0 1 7 10 0 1 10 11 
5 0 1 0 1 0 1 1 4 0 1 4 6 0 1 6 7 0 1 7 11 
7 0 1 0 1 0 1 1 4 0 1 4 6 0 1 6 8 0 1 8 9 0 1 9 10 0 1 10 11 
6 0 1 0 1 0 1 1 4 0 1 4 6 0 1 6 8 0 1 8 9 0 1 9 11 
6 0 1 0 1 0 1 1 4 0 1 4 6 0 1 6 8 0 1 8 10 0 1 10 11 
5 0 1 0 1 0 1 1 4 0 1 4 6 0 1 6 8 0 1 8 11 
6 0 1 0 1 0 1 1 4 0 1 4 6 0 1 6 9 0 1 9 10 0 1 10 11 
5 0 1 0 1 0 1 1 4 0 1 4 6 0 1 6 9 0 1 9 11 
5 0 1 0 1 0 1 1 4 0 1 4 6 0 1 6 10 0 1 10 11 
4 0 1 0 1 0 1 1 4 0 1 4 6 0 1 6 11 
7 0 1 0 1 0 1 1 4 0 1 4 7 0 1 7 8 0 1 8 9 0 1 9 10 0 1 10 11 
6 0 1 0 1 0 1 1 4 0 1 4 7 0 1 7 8 0 1 8 9 0 1 9 11 
6 0 1 0 1 0 1 1 4 0 1 4 7 0 1 7 8 0 1 8 10 0 1 10 11 
5 0 1 0 1 0 1 1 4 0 1 4 7 0 1 7 8 0 1 8 11 
6 0 1 0 1 0 1 1 4 0 1 4 7 0 1 7 9 0 1 9 10 0 1 10 11 
5 0 1 0 1 0 1 1 4 0 1 4 7 0 1 7 9 0 1 9 11 
5 0 1 0 1 0 1 1 4 0 1 4 7 0 1 7 10 0 1 10 11 
4 0 1 0 1 0 1 1 4 0 1 4 7 0 1 7 11 
6 0 1 0 1 0 1 1 4 0 1 4 8 0 1 8 9 0 1 9 10 0 1 10 11 
5 0 1 0 1 0 1 1 4 0 1 4 8 0 1 8 9 0 1 9 11 
5 0 1 0 1 0 1 1 4 0 1 4 8 0 1 8 10 0 1 10 11 
4 0 1 0 1 0 1 1 4 0 1 4 8 0 1 8 11 
5 0 1 0 1 0 1 1 4 0 1 4 9 0 1 9 10 0 1 10 11 
4 0 1 0 1 0 1 1 4 0 1 4 9 0 1 9 11 
4 0 1 0 1 0 1 1 4 0 1 4 10 0 1 10 11 
3 0 1 0 1 0 1 1 4 0 1 4 11 
8 0 1 0 1 0 1 1 5 0 1 5 6 0 1 6 7 0 1 7 8 0 1 8 9 0 1 9 10 0 1 10 11 
7 0 1 0 1 0 1 1 5 0 1 5 6 0 1 6 7 0 1 7 8 0 1 8 9 0 1 9 11 
7 0 1 0 1 0 1 1 5 0 1 5 6 0 1 6 7 0 1 7 8 0 1 8 10 0 1 10 11 
6 0 1 0 1 0 1 1 5 0 1 5 6 0 1 6 7 0 1 7 8 0 1 8 11 
7 0 1 0 1 0 1 1 5 0 1 5 6 0 1 6 7 0 1 7 9 0 1 9 10 0 1 10 11 
6 0 1 0 1 0 1 1 5 0 1 5 6 0 1 6 7 0 1 7 9 0 1 9 11 
6 0 1 0 1 0 1 1 5 0 1 5 6 0 1 6 7 0 1 7 10 0 1 10 11 
5 0 1 0 1 0 1 1 5 0 1 5 6 0 1 6 7 0 1 7 11 
7 0 1 0 1 0 1 1 5 0 1 5 6 0 1 6 8 0 1 8 9 0 1 9 10 0 1 10 11 
6 0 1 0 1 0 1 1 5 0 1 5 6 0 1 6 8 0 1 8 9 0 1 9 11 
6 0 1 0 1 0 1 1 5 0 1 5 6 0 1 6 8 0 1 8 10 0 1 10 11 
5 0 1 0 1 0 1 1 5 0 1 5 6 0 1 6 8 0 1 8 11 
6 0 1 0 1 0 1 1 5 0 1 5 6 0 1 6 9 0 1 9 10 0 1 10 11 
5 0 1 0 1 0 1 1 5 0 1 5 6 0 1 6 9 0 1 9 11 
5 0 1 0 1 0 1 1 5 0 1 5 6 0 1 6 10 0 1 10 11 
4 0 1 0 1 0 1 1 5 0 1 5 6 0 1 6 11 
7 0 1 0 1 0 1 1 5 0 1 5 7 0 1 7 8 0 1 8 9 0 1 9 10 0 1 10 11 
6 0 1 0 1 0 1 1 5 0 1 5 7 0 1 7 8 0 1 8 9 0 1 9 11 
6 0 1 0 1 0 1 1 5 0 1 5 7 0 1 7 8 0 1 8 10 0 1 10 11 
5 0 1 0 1 0 1 1 5 0 1 5 7 0 1 7 8 0 1 8 11 
6 0 1 0 1 0 1 1 5 0 1 5 7 0 1 7 9 0 1 9 10 0 1 10 11 
5 0 1 0 1 0 1 1 5 0 1 5 7 0 1 7 9 0 1 9 11 
5 0 1 0 1 0 1 1 5 0 1 5 7 0 1 7 10 0 1 10 11 
4 0 1 0 1 0 1 1 5 0 1 5 7 0 1 7 11 
6 0 1 0 1 0 1 1 5 0 1 5 8 0 1 8 9 0 1 9 10 0 1 10 11 
5 0 1 0 1 0 1 1 5 0 1 5 8 0 1 8 9 0 1 9 11 
5 0 1 0 1 0 1 1 5 0 1 5 8 0 1 8 10 0 1 10 11 
4 0 1 0 1 0 1 1 5 0 1 5 8 0 1 8 11 
5 0 1 0 1 0 1 1 5 0 1 5 9 0 1 9 10 0 1 10 11 
4 0 1 0 1 0 1 1 5 0 1 5 9 0 1 9 11 
4 0 1 0 1 0 1 1 5 0 1 5 10 0 1 10 11 
3 0 1 0 1 0 1 1 5 0 1 5 11 
7 0 1 0 1 0 1 1 6 0 1 6 7 0 1 7 8 0 1 8 9 0 1 9 10 0 1 10 11 
6 0 1 0 1 0 1 1 6 0 1 6 7 0 1 7 8 0 1 8 9 0 1 9 11 
6 0 1 0 1 0 1 1 6 0 1 6 7 0 1 7 8 0 1 8 10 0 1 10 11 
5 0 1 0 1 0 1 1 6 0 1 6 7 0 1 7 8 0 1 8 11 
6 0 1 0 1 0 1 1 6 0 1 6 7 0 1 7 9 0 1 9 10 0 1 10 11 
5 0 1 0 1 0 1 1 6 0 1 6 7 0 1 7 9 0 1 9 11 
5 0 1 0 1 0 1 1 6 0 1 6 7 0 1 7 10 0 1 10 11 
4 0 1 0 1 0 1 1 6 0 1 6 7 0 1 7 11 
6 0 1 0 1 0 1 1 6 0 1 6 8 0 1 8 9 0 1 9 10 0 1 10 11 
5 0 1 0 1 0 1 1 6 0 1 6 8 0 1 8 9 0 1 9 11 
5 0 1 0 1 0 1 1 6 0 1 6 8 0 1 8 10 0 1 10 11 
4 0 1 0 1 0 1 1 6 0 1 6 8 0 1 8 11 
5 0 1 0 1 0 1 1 6 0 1 6 9 0 1 9 10 0 1 10 11 
4 0 1 0 1 0 1 1 6 0 1 6 9 0 1 9 11 
4 0 1 0 1 0 1 1 6 0 1 6 10 0 1 10 11 
3 0 1 0 1 0 1 1 6 0 1 6 11 
6 0 1 0 1 0 1 1 7 0 1 7 8 0 1 8 9 0 1 9 10 0 1 10 11 
5 0 1 0 1 0 1 1 7 0 1 7 8 0 1 8 9 0 1 9 11 
5 0 1 0 1 0 1 1 7 0 1 7 8 0 1 8 10 0 1 10 11 
4 0 1 0 1 0 1 1 7 0 1 7 8 0 1 8 11 
5 0 1 0 1 0 1 1 7 0 1 7 9 0 1 9 10 0 1 10 11 
4 0 1 0 1 0 1 1 7 0 1 7 9 0 1 9 11 
4 0 1 0 1 0 1 1 7 0 1 7 10 0 1 10 11 
3 0 1 0 1 0 1 1 7 0 1 7 11 
5 0 1 0 1 0 1 1 8 0 1 8 9 0 1 9 10 0 1 10 11 
4 0 1 0 1 0 1 1 8 0 1 8 9 0 1 9 11 
4 0 1 0 1 0 1 1 8 0 1 8 10 0 1 10 11 
3 0 1 0 1 0 1 1 8 0 1 8 11 
4 0 1 0 1 0 1 1 9 0 1 9 10 0 1 10 11 
3 0 1 0 1 0 1 1 9 0 1 9 11 
3 0 1 0 1 0 1 1 10 0 1 10 11 
2 0 1 0 1 0 1 1 11 
8 0 1 0 2 0 1 2 3 0 1 3 4 0 1 4 5 0 1 5 6 0 1 6 7 0 1 7 8 0 1 8 11 
8 0 1 0 2 0 1 2 3 0 1 3 4 0 1 4 5 0 1 5 6 0 1 6 7 0 1 7 9 0 1 9 11 
8 0 1 0 2 0 1 2 3 0 1 3 4 0 1 4 5 0 1 5 6 0 1 6 7 0 1 7 10 0 1 10 11 
7 0 1 0 2 0 1 2 3 0 1 3 4 0 1 4 5 0 1 5 6 0 1 6 7 0 1 7 11 
8 0 1 0 2 0 1 2 3 0 1 3 4 0 1 4 5 0 1 5 6 0 1 6 8 0 1 8 9 0 1 9 11 
8 0 1 0 2 0 1 2 3 0 1 3 4 0 1 4 5 0 1 5 6 0 1 6 8 0 1 8 10 0 1 10 11 
7 0 1 0 2 0 1 2 3 0 1 3 4 0 1 4 5 0 1 5 6 0 1 6 8 0 1 8 11 
8 0 1 0 2 0 1 2 3 0 1 3 4 0 1 4 5 0 1 5 6 0 1 6 9 0 1 9 10 0 1 10 11 
7 0 1 0 2 0 1 2 3 0 1 3 4 0 1 4 5 0 1 5 6 0 1 6 9 0 1 9 11 
7 0 1 0 2 0 1 2 3 0 1 3 4 0 1 4 5 0 1 5 6 0 1 6 10 0 1 10 11 
6 0 1 0 2 0 1 2 3 0 1 3 4 0 1 4 5 0 1 5 6 0 1 6 11 
8 0 1 0 2 0 1 2 3 0 1 3 4 0 1 4 5 0 1 5 7 0 1 7 8 0 1 8 9 0 1 9 11 
8 0 1 0 2 0 1 2 3 0 1 3 4 0 1 4 5 0 1 5 7 0 1 7 8 0 1 8 10 0 1 10 11 
7 0 1 0 2 0 1 2 3 0 1 3 4 0 1 4 5 0 1 5 7 0 1 7 8 0 1 8 11 
8 0 1 0 2 0 1 2 3 0 1 3 4 0 1 4 5 0 1 5 7 0 1 7 9 0 1 9 10 0 1 10 11 
7 0 1 0 2 0 1 2 3 0 1 3 4 0 1 4 5 0 1 5 7 0 1 7 9 0 1 9 11 
7 0 1 0 2 0 1 2 3 0 1 3 4 0 1 4 5 0 1 5 7 0 1 7 10 0 1 10 11 
6 0 1 0 2 0 1 2 3 0 1 3 4 0 1 4 5 0 1 5 7 0 1 7 11 
8 0 1 0 2 0 1 2 3 0 1 3 4 0 1 4 5 0 1 5 8 0 1 8 9 0 1 9 10 0 1 10 11 
7 0 1 0 2 0 1 2 3 0 1 3 4 0 1 4 5 0 1 5 8 0 1 8 9 0 1 9 11 
7 0 1 0 2 0 1 2 3 0 1 3 4 0 1 4 5 0 1 5 8 0 1 8 10 0 1 10 11 
6 0 1 0 2 0 1 2 3 0 1 3 4 0 1 4 5 0 1 5 8 0 1 8 11 
7 0 1 0 2 0 1 2 3 0 1 3 4 0 1 4 5 0 1 5 9 0 1 9 10 0 1 10 11 
6 0 1 0 2 0 1 2 3 0 1 3 4 0 1 4 5 0 1 5 9 0 1 9 11 
6 0 1 0 2 0 1 2 3 0 1 3 4 0 1 4 5 0 1 5 10 0 1 10 11 
5 0 1 0 2 0 1 2 3 0 1 3 4 0 1 4 5 0 1 5 11 
8 0 1 0 2 0 1 2 3 0 1 3 4 0 1 4 6 0 1 6 7 0 1 7 8 0 1 8 9 0 1 9 11 
8 0 1 0 2 0 1 2 3 0 1 3 4 0 1 4 6 0 1 6 7 0 1 7 8 0 1 8 10 0 1 10 11 
7 0 1 0 2 0 1 2 3 0 1 3 4 0 1 4 6 0 1 6 7 0 1 7 8 0 1 8 11 
8 0 1 0 2 0 1 2 3 0 1 3 4 0 1 4 6 0 1 6 7 0 1 7 9 0 1 9 10 0 1 10 11 
7 0 1 0 2 0 1 2 3 0 1 3 4 0 1 4 6 0 1 6 7 0 1 7 9 0 1 9 11 
7 0 1 0 2 0 1 2 3 0 1 3 4 0 1 4 6 0 1 6 7 0 1 7 10 0 1 10 11 
6 0 1 0 2 0 1 2 3 0 1 3 4 0 1 4 6 0 1 6 7 0 1 7 11 
8 0 1 0 2 0 1 2 3 0 1 3 4 0 1 4 6 0 1 6 8 0 1 8 9 0 1 9 10 0 1 10 11 
7 0 1 0 2 0 1 2 3 0 1 3 4 0 1 4 6 0 1 6 8 0 1 8 9 0 1 9 11 
7 0 1 0 2 0 1 2 3 0 1 3 4 0 1 4 6 0 1 6 8 0 1 8 10 0 1 10 11 
6 0 1 0 2 0 1 2 3 0 1 3 4 0 1 4 6 0 1 6 8 0 1 8 11 
7 0 1 0 2 0 1 2 3 0 1 3 4 0 1 4 6 0 1 6 9 0 1 9 10 0 1 10 11 
6 0 1 0 2 0 1 2 3 0 1 3 4 0 1 4 6 0 1 6 9 0 1 9 11 
6 0 1 0 2 0 1 2 3 0 1 3 4 0 1 4 6 0 1 6 10 0 1 10 11 
5 0 1 0 2 0 1 2 3 0 1 3 4 0 1 4 6 0 1 6 11 
8 0 1 0 2 0 1 2 3 0 1 3 4 0 1 4 7 0 1 7 8 0 1 8 9 0 1 9 10 0 1 10 11 
7 0 1 0 2 0 1 2 3 0 1 3 4 0 1 4 7 0 1 7 8 0 1 8 9 0 1 9 11 
7 0 1 0 2 0 1 2 3 0 1 3 4 0 1 4 7 0 1 7 8 0 1 8 10 0 1 10 11 
6 0 1 0 2 0 1 2 3 0 1 3 4 0 1 4 7 0 1 7 8 0 1 8 11 
7 0 1 0 2 0 1 2 3 0 1 3 4 0 1 4 7 0 1 7 9 0 1 9 10 0 1 10 11 
6 0 1 0 2 0 1 2 3 0 1 3 4 0 1 4 7 0 1 7 9 0 1 9 11 
6 0 1 0 2 0 1 2 3 0 1 3 4 0 1 4 7 0 1 7 10 0 1 10 11 
5 0 1 0 2 0 1 2 3 0 1 3 4 0 1 4 7 0 1 7 11 
7 0 1 0 2 0 1 2 3 0 1 3 4 0 1 4 8 0 1 8 9 0 1 9 10 0 1 10 11 
6 0 1 0 2 0 1 2 3 0 1 3 4 0 1 4 8 0 1 8 9 0 1 9 11 
6 0 1 0 2 0 1 2 3 0 1 3 4 0 1 4 8 0 1 8 10 0 1 10 11 
5 0 1 0 2 0 1 2 3 0 1 3 4 0 1 4 8 0 1 8 11 
6 0 1 0 2 0 1 2 3 0 1 3 4 0 1 4 9 0 1 9 10 0 1 10 11 
5 0 1 0 2 0 1 2 3 0 1 3 4 0 1 4 9 0 1 9 11 
5 0 1 0 2 0 1 2 3 0 1 3 4 0 1 4 10 0 1 10 11 
4 0 1 0 2 0 1 2 3 0 1 3 4 0 1 4 11 
8 0 1 0 2 0 1 2 3 0 1 3 5 0 1 5 6 0 1 6 7 0 1 7 8 0 1 8 9 0 1 9 11 
8 0 1 0 2 0 1 2 3 0 1 3 5 0 1 5 6 0 1 6 7 0 1 7 8 0 1 8 10 0 1 10 11 
7 0 1 0 2 0 1 2 3 0 1 3 5 0 1 5 6 0 1 6 7 0 1 7 8 0 1 8 11 
8 0 1 0 2 0 1 2 3 0 1 3 5 0 1 5 6 0 1 6 7 0 1 7 9 0 1 9 10 0 1 10 11 
7 0 1 0 2 0 1 2 3 0 1 3 5 0 1 5 6 0 1 6 7 0 1 7 9 0 1 9 11 
7 0 1 0 2 0 1 2 3 0 1 3 5 0 1 5 6 0 1 6 7 0 1 7 10 0 1 10 11 
6 0 1 0 2 0 1 2 3 0 1 3 5 0 1 5 6 0 1 6 7 0 1 7 11 
8 0 1 0 2 0 1 2 3 0 1 3 5 0 1 5 6 0 1 6 8 0 1 8 9 0 1 9 10 0 1 10 11 
7 0 1 0 2 0 1 2 3 0 1 3 5 0 1 5 6 0 1 6 8 0 1 8 9 0 1 9 11 
7 0 1 0 2 0 1 2 3 0 1 3 5 0 1 5 6 0 1 6 8 0 1 8 10 0 1 10 11 
6 0 1 0 2 0 1 2 3 0 1 3 5 0 1 5 6 0 1 6 8 0 1 8 11 
7 0 1 0 2 0 1 2 3 0 1 3 5 0 1 5 6 0 1 6 9 0 1 9 10 0 1 10 11 
6 0 1 0 2 0 1 2 3 0 1 3 5 0 1 5 6 0 1 6 9 0 1 9 11 
6 0 1 0 2 0 1 2 3 0 1 3 5 0 1 5 6 0 1 6 10 0 1 10 11 
5 0 1 0 2 0 1 2 3 0 1 3 5 0 1 5 6 0 1 6 11 
8 0 1 0 2 0 1 2 3 0 1 3 5 0 1 5 7 0 1 7 8 0 1 8 9 0 1 9 10 0 1 10 11 
7 0 1 0 2 0 1 2 3 0 1 3 5 0 1 5 7 0 1 7 8 0 1 8 9 0 1 9 11 
7 0 1 0 2 0 1 2 3 0 1 3 5 0 1 5 7 0 1 7 8 0 1 8 10 0 1 10 11 
6 0 1 0 2 0 1 2 3 0 1 3 5 0 1 5 7 0 1 7 8 0 1 8 11 
7 0 1 0 2 0 1 2 3 0 1 3 5 0 1 5 7 0 1 7 9 0 1 9 10 0 1 10 11 
6 0 1 0 2 0 1 2 3 0 1 3 5 0 1 5 7 0 1 7 9 0 1 9 11 
6 0 1 0 2 0 1 2 3 0 1 3 5 0 1 5 7 0 1 7 10 0 1 10 11 
5 0 1 0 2 0 1 2 3 0 1 3 5 0 1 5 7 0 1 7 11 
7 0 1 0 2 0 1 2 3 0 1 3 5 0 1 5 8 0 1 8 9 0 1 9 10 0 1 10 11 
6 0 1 0 2 0 1 2 3 0 1 3 5 0 1 5 8 0 1 8 9 0 1 9 11 
6 0 1 0 2 0 1 2 3 0 1 3 5 0 1 5 8 0 1 8 10 0 1 10 11 
5 0 1 0 2 0 1 2 3 0 1 3 5 0 1 5 8 0 1 8 11 
6 0 1 0 2 0 1 2 3 0 1 3 5 0 1 5 9 0 1 9 10 0 1 10 11 
5 0 1 0 2 0 1 2 3 0 1 3 5 0 1 5 9 0 1 9 11 
5 0 1 0 2 0 1 2 3 0 1 3 5 0 1 5 10 0 1 10 11 
4 0 1 0 2 0 1 2 3 0 1 3 5 0 1 5 11 
8 0 1 0 2 0 1 2 3 0 1 3 6 0 1 6 7 0 1 7 8 0 1 8 9 0 1 9 10 0 1 10 11 
7 0 1 0 2 0 1 2 3 0 1 3 6 0 1 6 7 0 1 7 8 0 1 8 9 0 1 9 11 
7 0 1 0 2 0 1 2 3 0 1 3 6 0 1 6 7 0 1 7 8 0 1 8 10 0 1 10 11 
6 0 1 0 2 0 1 2 3 0 1 3 6 0 1 6 7 0 1 7 8 0 1 8 11 
7 0 1 0 2 0 1 2 3 0 1 3 6 0 1 6 7 0 1 7 9 0 1 9 10 0 1 10 11 
6 0 1 0 2 0 1 2 3 0 1 3 6 0 1 6 7 0 1 7 9 0 1 9 11 
6 0 1 0 2 0 1 2 3 0 1 3 6 0 1 6 7 0 1 7 10 0 1 10 11 
5 0 1 0 2 0 1 2 3 0 1 3 6 0 1 6 7 0 1 7 11 
7 0 1 0 2 0 1 2 3 0 1 3 6 0 1 6 8 0 1 8 9 0 1 9 10 0 1 10 11 
6 0 1 0 2 0 1 2 3 0 1 3 6 0 1 6 8 0 1 8 9 0 1 9 11 
6 0 1 0 2 0 1 2 3 0 1 3 6 0 1 6 8 0 1 8 10 0 1 10 11 
5 0 1 0 2 0 1 2 3 0 1 3 6 0 1 6 8 0 1 8 11 
6 0 1 0 2 0 1 2 3 0 1 3 6 0 1 6 9 0 1 9 10 0 1 10 11 
5 0 1 0 2 0 1 2 3 0 1 3 6 0 1 6 9 0 1 9 11 
5 0 1 0 2 0 1 2 3 0 1 3 6 0 1 6 10 0 1 10 11 
4 0 1 0 2 0 1 2 3 0 1 3 6 0 1 6 11 
7 0 1 0 2 0 1 2 3 0 1 3 7 0 1 7 8 0 1 8 9 0 1 9 10 0 1 10 11 
6 0 1 0 2 0 1 2 3 0 1 3 7 0 1 7 8 0 1 8 9 0 1 9 11 
6 0 1 0 2 0 1 2 3 0 1 3 7 0 1 7 8 0 1 8 10 0 1 10 11 
5 0 1 0 2 0 1 2 3 0 1 3 7 0 1 7 8 0 1 8 11 
6 0 1 0 2 0 1 2 3 0 1 3 7 0 1 7 9 0 1 9 10 0 1 10 11 
5 0 1 0 2 0 1 2 3 0 1 3 7 0 1 7 9 0 1 9 11 
5 0 1 0 2 0 1 2 3 0 1 3 7 0 1 7 10 0 1 10 11 
4 0 1 0 2 0 1 2 3 0 1 3 7 0 1 7 11 
6 0 1 0 2 0 1 2 3 0 1 3 8 0 1 8 9 0 1 9 10 0 1 10 11 
5 0 1 0 2 0 1 2 3 0 1 3 8 0 1 8 9 0 1 9 11 
5 0 1 0 2 0 1 2 3 0 1 3 8 0 1 8 10 0 1 10 11 
4 0 1 0 2 0 1 2 3 0 1 3 8 0 1 8 11 
5 0 1 0 2 0 1 2 3 0 1 3 9 0 1 9 10 0 1 10 11 
4 0 1 0 2 0 1 2 3 0 1 3 9 0 1 9 11 
4 0 1 0 2 0 1 2 3 0 1 3 10 0 1 10 11 
3 0 1 0 2 0 1 2 3 0 1 3 11 
8 0 1 0 2 0 1 2 4 0 1 4 5 0 1 5 6 0 1 6 7 0 1 7 8 0 1 8 9 0 1 9 11 
8 0 1 0 2 0 1 2 4 0 1 4 5 0 1 5 6 0 1 6 7 0 1 7 8 0 1 8 10 0 1 10 11 
7 0 1 0 2 0 1 2 4 0 1 4 5 0 1 5 6 0 1 6 7 0 1 7 8 0 1 8 11 
8 0 1 0 2 0 1 2 4 0 1 4 5 0 1 5 6 0 1 6 7 0 1 7 9 0 1 9 10 0 1 10 11 
7 0 1 0 2 0 1 2 4 0 1 4 5 0 1 5 6 0 1 6 7 0 1 7 9 0 1 9 11 
7 0 1 0 2 0 1 2 4 0 1 4 5 0 1 5 6 0 1 6 7 0 1 7 10 0 1 10 11 
6 0 1 0 2 0 1 2 4 0 1 4 5 0 1 5 6 0 1 6 7 0 1 7 11 
8 0 1 0 2 0 1 2 4 0 1 4 5 0 1 5 6 0 1 6 8 0 1 8 9 0 1 9 10 0 1 10 11 
7 0 1 0 2 0 1 2 4 0 1 4 5 0 1 5 6 0 1 6 8 0 1 8 9 0 1 9 11 
7 0 1 0 2 0 1 2 4 0 1 4 5 0 1 5 6 0 1 6 8 0 1 8 10 0 1 10 11 
6 0 1 0 2 0 1 2 4 0 1 4 5 0 1 5 6 0 1 6 8 0 1 8 11 
7 0 1 0 2 0 1 2 4 0 1 4 5 0 1 5 6 0 1 6 9 0 1 9 10 0 1 10 11 
6 0 1 0 2 0 1 2 4 0 1 4 5 0 1 5 6 0 1 6 9 0 1 9 11 
6 0 1 0 2 0 1 2 4 0 1 4 5 0 1 5 6 0 1 6 10 0 1 10 11 
5 0 1 0 2 0 1 2 4 0 1 4 5 0 1 5 6 0 1 6 11 
8 0 1 0 2 0 1 2 4 0 1 4 5 0 1 5 7 0 1 7 8 0 1 8 9 0 1 9 10 0 1 10 11 
7 0 1 0 2 0 1 2 4 0 1 4 5 0 1 5 7 0 1 7 8 0 1 8 9 0 1 9 11 
7 0 1 0 2 0 1 2 4 0 1 4 5 0 1 5 7 0 1 7 8 0 1 8 10 0 1 10 11 
6 0 1 0 2 0 1 2 4 0 1 4 5 0 1 5 7 0 1 7 8 0 1 8 11 
7 0 1 0 2 0 1 2 4 0 1 4 5 0 1 5 7 0 1 7 9 0 1 9 10 0 1 10 11 
6 0 1 0 2 0 1 2 4 0 1 4 5 0 1 5 7 0 1 7 9 0 1 9 11 
6 0 1 0 2 0 1 2 4 0 1 4 5 0 1 5 7 0 1 7 10 0 1 10 11 
5 0 1 0 2 0 1 2 4 0 1 4 5 0 1 5 7 0 1 7 11 
7 0 1 0 2 0 1 2 4 0 1 4 5 0 1 5 8 0 1 8 9 0 1 9 10 0 1 10 11 
6 0 1 0 2 0 1 2 4 0 1 4 5 0 1 5 8 0 1 8 9 0 1 9 11 
6 0 1 0 2 0 1 2 4 0 1 4 5 0 1 5 8 0 1 8 10 0 1 10 11 
5 0 1 0 2 0 1 2 4 0 1 4 5 0 1 5 8 0 1 8 11 
6 0 1 0 2 0 1 2 4 0 1 4 5 0 1 5 9 0 1 9 10 0 1 10 11 
5 0 1 0 2 0 1 2 4 0 1 4 5 0 1 5 9 0 1 9 11 
5 0 1 0 2 0 1 2 4 0 1 4 5 0 1 5 10 0 1 10 11 
4 0 1 0 2 0 1 2 4 0 1 4 5 0 1 5 11 
8 0 1 0 2 0 1 2 4 0 1 4 6 0 1 6 7 0 1 7 8 0 1 8 9 0 1 9 10 0 1 10 11 
7 0 1 0 2 0 1 2 4 0 1 4 6 0 1 6 7 0 1 7 8 0 1 8 9 0 1 9 11 
7 0 1 0 2 0 1 2 4 0 1 4 6 0 1 6 7 0 1 7 8 0 1 8 10 0 1 10 11 
6 0 1 0 2 0 1 2 4 0 1 4 6 0 1 6 7 0 1 7 8 0 1 8 11 
7 0 1 0 2 0 1 2 4 0 1 4 6 0 1 6 7 0 1 7 9 0 1 9 10 0 1 10 11 
6 0 1 0 2 0 1 2 4 0 1 4 6 0 1 6 7 0 1 7 9 0 1 9 11 
6 0 1 0 2 0 1 2 4 0 1 4 6 0 1 6 7 0 1 7 10 0 1 10 11 
5 0 1 0 2 0 1 2 4 0 1 4 6 0 1 6 7 0 1 7 11 
7 0 1 0 2 0 1 2 4 0 1 4 6 0 1 6 8 0 1 8 9 0 1 9 10 0 1 10 11 
6 0 1 0 2 0 1 2 4 0 1 4 6 0 1 6 8 0 1 8 9 0 1 9 11 
6 0 1 0 2 0 1 2 4 0 1 4 6 0 1 6 8 0 1 8 10 0 1 10 11 
5 0 1 0 2 0 1 2 4 0 1 4 6 0 1 6 8 0 1 8 11 
6 0 1 0 2 0 1 2 4 0 1 4 6 0 1 6 9 0 1 9 10 0 1 10 11 
5 0 1 0 2 0 1 2 4 0 1 4 6 0 1 6 9 0 1 9 11 
5 0 1 0 2 0 1 2 4 0 1 4 6 0 1 6 10 0 1 10 11 
4 0 1 0 2 0 1 2 4 0 1 4 6 0 1 6 11 
7 0 1 0 2 0 1 2 4 0 1 4 7 0 1 7 8 0 1 8 9 0 1 9 10 0 1 10 11 
6 0 1 0 2 0 1 2 4 0 1 4 7 0 1 7 8 0 1 8 9 0 1 9 11 
6 0 1 0 2 0 1 2 4 0 1 4 7 0 1 7 8 0 1 8 10 0 1 10 11 
5 0 1 0 2 0 1 2 4 0 1 4 7 0 1 7 8 0 1 8 11 
6 0 1 0 2 0 1 2 4 0 1 4 7 0 1 7 9 0 1 9 10 0 1 10 11 
5 0 1 0 2 0 1 2 4 0 1 4 7 0 1 7 9 0 1 9 11 
5 0 1 0 2 0 1 2 4 0 1 4 7 0 1 7 10 0 1 10 11 
4 0 1 0 2 0 1 2 4 0 1 4 7 0 1 7 11 
6 0 1 0 2 0 1 2 4 0 1 4 8 0 1 8 9 0 1 9 10 0 1 10 11 
5 0 1 0 2 0 1 2 4 0 1 4 8 0 1 8 9 0 1 9 11 
5 0 1 0 2 0 1 2 4 0 1 4 8 0 1 8 10 0 1 10 11 
4 0 1 0 2 0 1 2 4 0 1 4 8 0 1 8 11 
5 0 1 0 2 0 1 2 4 0 1 4 9 0 1 9 10 0 1 10 11 
4 0 1 0 2 0 1 2 4 0 1 4 9 0 1 9 11 
4 0 1 0 2 0 1 2 4 0 1 4 10 0 1 10 11 
3 0 1 0 2 0 1 2 4 0 1 4 11 
8 0 1 0 2 0 1 2 5 0 1 5 6 0 1 6 7 0 1 7 8 0 1 8 9 0 1 9 10 0 1 10 11 
7 0 1 0 2 0 1 2 5 0 1 5 6 0 1 6 7 0 1 7 8 0 1 8 9 0 1 9 11 
7 0 1 0 2 0 1 2 5 0 1 5 6 0 1 6 7 0 1 7 8 0 1 8 10 0 1 10 11 
6 0 1 0 2 0 1 2 5 0 1 5 6 0 1 6 7 0 1 7 8 0 1 8 11 
7 0 1 0 2 0 1 2 5 0 1 5 6 0 1 6 7 0 1 7 9 0 1 9 10 0 1 10 11 
6 0 1 0 2 0 1 2 5 0 1 5 6 0 1 6 7 0 1 7 9 0 1 9 11 
6 0 1 0 2 0 1 2 5 0 1 5 6 0 1 6 7 0 1 7 10 0 1 10 11 
5 0 1 0 2 0 1 2 5 0 1 5 6 0 1 6 7 0 1 7 11 
7 0 1 0 2 0 1 2 5 0 1 5 6 0 1 6 8 0 1 8 9 0 1 9 10 0 1 10 11 
6 0 1 0 2 0 1 2 5 0 1 5 6 0 1 6 8 0 1 8 9 0 1 9 11 
6 0 1 0 2 0 1 2 5 0 1 5 6 0 1 6 8 0 1 8 10 0 1 10 11 
5 0 1 0 2 0 1 2 5 0 1 5 6 0 1 6 8 0 1 8 11 
6 0 1 0 2 0 1 2 5 0 1 5 6 0 1 6 9 0 1 9 10 0 1 10 11 
5 0 1 0 2 0 1 2 5 0 1 5 6 0 1 6 9 0 1 9 11 
5 0 1 0 2 0 1 2 5 0 1 5 6 0 1 6 10 0 1 10 11 
4 0 1 0 2 0 1 2 5 0 1 5 6 0 1 6 11 
7 0 1 0 2 0 1 2 5 0 1 5 7 0 1 7 8 0 1 8 9 0 1 9 10 0 1 10 11 
6 0 1 0 2 0 1 2 5 0 1 5 7 0 1 7 8 0 1 8 9 0 1 9 11 
6 0 1 0 2 0 1 2 5 0 1 5 7 0 1 7 8 0 1 8 10 0 1 10 11 
5 0 1 0 2 0 1 2 5 0 1 5 7 0 1 7 8 0 1 8 11 
6 0 1 0 2 0 1 2 5 0 1 5 7 0 1 7 9 0 1 9 10 0 1 10 11 
5 0 1 0 2 0 1 2 5 0 1 5 7 0 1 7 9 0 1 9 11 
5 0 1 0 2 0 1 2 5 0 1 5 7 0 1 7 10 0 1 10 11 
4 0 1 0 2 0 1 2 5 0 1 5 7 0 1 7 11 
6 0 1 0 2 0 1 2 5 0 1 5 8 0 1 8 9 0 1 9 10 0 1 10 11 
5 0 1 0 2 0 1 2 5 0 1 5 8 0 1 8 9 0 1 9 11 
5 0 1 0 2 0 1 2 5 0 1 5 8 0 1 8 10 0 1 10 11 
4 0 1 0 2 0 1 2 5 0 1 5 8 0 1 8 11 
5 0 1 0 2 0 1 2 5 0 1 5 9 0 1 9 10 0 1 10 11 
4 0 1 0 2 0 1 2 5 0 1 5 9 0 1 9 11 
4 0 1 0 2 0 1 2 5 0 1 5 10 0 1 10 11 
3 0 1 0 2 0 1 2 5 0 1 5 11 
7 0 1 0 2 0 1 2 6 0 1 6 7 0 1 7 8 0 1 8 9 0 1 9 10 0 1 10 11 
6 0 1 0 2 0 1 2 6 0 1 6 7 0 1 7 8 0 1 8 9 0 1 9 11 
6 0 1 0 2 0 1 2 6 0 1 6 7 0 1 7 8 0 1 8 10 0 1 10 11 
5 0 1 0 2 0 1 2 6 0 1 6 7 0 1 7 8 0 1 8 11 
6 0 1 0 2 0 1 2 6 0 1 6 7 0 1 7 9 0 1 9 10 0 1 10 11 
5 0 1 0 2 0 1 2 6 0 1 6 7 0 1 7 9 0 1 9 11 
5 0 1 0 2 0 1 2 6 0 1 6 7 0 1 7 10 0 1 10 11 
4 0 1 0 2 0 1 2 6 0 1 6 7 0 1 7 11 
6 0 1 0 2 0 1 2 6 0 1 6 8 0 1 8 9 0 1 9 10 0 1 10 11 
5 0 1 0 2 0 1 2 6 0 1 6 8 0 1 8 9 0 1 9 11 
5 0 1 0 2 0 1 2 6 0 1 6 8 0 1 8 10 0 1 10 11 
4 0 1 0 2 0 1 2 6 0 1 6 8 0 1 8 11 
5 0 1 0 2 0 1 2 6 0 1 6 9 0 1 9 10 0 1 10 11 
4 0 1 0 2 0 1 2 6 0 1 6 9 0 1 9 11 
4 0 1 0 2 0 1 2 6 0 1 6 10 0 1 10 11 
3 0 1 0 2 0 1 2 6 0 1 6 11 
6 0 1 0 2 0 1 2 7 0 1 7 8 0 1 8 9 0 1 9 10 0 1 10 11 
5 0 1 0 2 0 1 2 7 0 1 7 8 0 1 8 9 0 1 9 11 
5 0 1 0 2 0 1 2 7 0 1 7 8 0 1 8 10 0 1 10 11 
4 0 1 0 2 0 1 2 7 0 1 7 8 0 1 8 11 
5 0 1 0 2 0 1 2 7 0 1 7 9 0 1 9 10 0 1 10 11 
4 0 1 0 2 0 1 2 7 0 1 7 9 0 1 9 11 
4 0 1 0 2 0 1 2 7 0 1 7 10 0 1 10 11 
3 0 1 0 2 0 1 2 7 0 1 7 11 
5 0 1 0 2 0 1 2 8 0 1 8 9 0 1 9 10 0 1 10 11 
4 0 1 0 2 0 1 2 8 0 1 8 9 0 1 9 11 
4 0 1 0 2 0 1 2 8 0 1 8 10 0 1 10 11 
3 0 1 0 2 0 1 2 8 0 1 8 11 
4 0 1 0 2 0 1 2 9 0 1 9 10 0 1 10 11 
3 0 1 0 2 0 1 2 9 0 1 9 11 
3 0 1 0 2 0 1 2 10 0 1 10 11 
2 0 1 0 2 0 1 2 11 
8 0 1 0 3 0 1 3 4 0 1 4 5 0 1 5 6 0 1 6 7 0 1 7 8 0 1 8 9 0 1 9 11 
8 0 1 0 3 0 1 3 4 0 1 4 5 0 1 5 6 0 1 6 7 0 1 7 8 0 1 8 10 0 1 10 11 
7 0 1 0 3 0 1 3 4 0 1 4 5 0 1 5 6 0 1 6 7 0 1 7 8 0 1 8 11 
8 0 1 0 3 0 1 3 4 0 1 4 5 0 1 5 6 0 1 6 7 0 1 7 9 0 1 9 10 0 1 10 11 
7 0 1 0 3 0 1 3 4 0 1 4 5 0 1 5 6 0 1 6 7 0 1 7 9 0 1 9 11 
7 0 1 0 3 0 1 3 4 0 1 4 5 0 1 5 6 0 1 6 7 0 1 7 10 0 1 10 11 
6 0 1 0 3 0 1 3 4 0 1 4 5 0 1 5 6 0 1 6 7 0 1 7 11 
8 0 1 0 3 0 1 3 4 0 1 4 5 0 1 5 6 0 1 6 8 0 1 8 9 0 1 9 10 0 1 10 11 
7 0 1 0 3 0 1 3 4 0 1 4 5 0 1 5 6 0 1 6 8 0 1 8 9 0 1 9 11 
7 0 1 0 3 0 1 3 4 0 1 4 5 0 1 5 6 0 1 6 8 0 1 8 10 0 1 10 11 
6 0 1 0 3 0 1 3 4 0 1 4 5 0 1 5 6 0 1 6 8 0 1 8 11 
7 0 1 0 3 0 1 3 4 0 1 4 5 0 1 5 6 0 1 6 9 0 1 9 10 0 1 10 11 
6 0 1 0 3 0 1 3 4 0 1 4 5 0 1 5 6 0 1 6 9 0 1 9 11 
6 0 1 0 3 0 1 3 4 0 1 4 5 0 1 5 6 0 1 6 10 0 1 10 11 
5 0 1 0 3 0 1 3 4 0 1 4 5 0 1 5 6 0 1 6 11 
8 0 1 0 3 0 1 3 4 0 1 4 5 0 1 5 7 0 1 7 8 0 1 8 9 0 1 9 10 0 1 10 11 
7 0 1 0 3 0 1 3 4 0 1 4 5 0 1 5 7 0 1 7 8 0 1 8 9 0 1 9 11 
7 0 1 0 3 0 1 3 4 0 1 4 5 0 1 5 7 0 1 7 8 0 1 8 10 0 1 10 11 
6 0 1 0 3 0 1 3 4 0 1 4 5 0 1 5 7 0 1 7 8 0 1 8 11 
7 0 1 0 3 0 1 3 4 0 1 4 5 0 1 5 7 0 1 7 9 0 1 9 10 0 1 10 11 
6 0 1 0 3 0 1 3 4 0 1 4 5 0 1 5 7 0 1 7 9 0 1 9 11 
6 0 1 0 3 0 1 3 4 0 1 4 5 0 1 5 7 0 1 7 10 0 1 10 11 
5 0 1 0 3 0 1 3 4 0 1 4 5 0 1 5 7 0 1 7 11 
7 0 1 0 3 0 1 3 4 0 1 4 5 0 1 5 8 0 1 8 9 0 1 9 10 0 1 10 11 
6 0 1 0 3 0 1 3 4 0 1 4 5 0 1 5 8 0 1 8 9 0 1 9 11 
6 0 1 0 3 0 1 3 4 0 1 4 5 0 1 5 8 0 1 8 10 0 1 10 11 
5 0 1 0 3 0 1 3 4 0 1 4 5 0 1 5 8 0 1 8 11 
6 0 1 0 3 0 1 3 4 0 1 4 5 0 1 5 9 0 1 9 10 0 1 10 11 
5 0 1 0 3 0 1 3 4 0 1 4 5 0 1 5 9 0 1 9 11 
5 0 1 0 3 0 1 3 4 0 1 4 5 0 1 5 10 0 1 10 11 
4 0 1 0 3 0 1 3 4 0 1 4 5 0 1 5 11 
8 0 1 0 3 0 1 3 4 0 1 4 6 0 1 6 7 0 1 7 8 0 1 8 9 0 1 9 10 0 1 10 11 
7 0 1 0 3 0 1 3 4 0 1 4 6 0 1 6 7 0 1 7 8 0 1 8 9 0 1 9 11 
7 0 1 0 3 0 1 3 4 0 1 4 6 0 1 6 7 0 1 7 8 0 1 8 10 0 1 10 11 
6 0 1 0 3 0 1 3 4 0 1 4 6 0 1 6 7 0 1 7 8 0 1 8 11 
7 0 1 0 3 0 1 3 4 0 1 4 6 0 1 6 7 0 1 7 9 0 1 9 10 0 1 10 11 
6 0 1 0 3 0 1 3 4 0 1 4 6 0 1 6 7 0 1 7 9 0 1 9 11 
6 0 1 0 3 0 1 3 4 0 1 4 6 0 1 6 7 0 1 7 10 0 1 10 11 
5 0 1 0 3 0 1 3 4 0 1 4 6 0 1 6 7 0 1 7 11 
7 0 1 0 3 0 1 3 4 0 1 4 6 0 1 6 8 0 1 8 9 0 1 9 10 0 1 10 11 
6 0 1 0 3 0 1 3 4 0 1 4 6 0 1 6 8 0 1 8 9 0 1 9 11 
6 0 1 0 3 0 1 3 4 0 1 4 6 0 1 6 8 0 1 8 10 0 1 10 11 
5 0 1 0 3 0 1 3 4 0 1 4 6 0 1 6 8 0 1 8 11 
6 0 1 0 3 0 1 3 4 0 1 4 6 0 1 6 9 0 1 9 10 0 1 10 11 
5 0 1 0 3 0 1 3 4 0 1 4 6 0 1 6 9 0 1 9 11 
5 0 1 0 3 0 1 3 4 0 1 4 6 0 1 6 10 0 1 10 11 
4 0 1 0 3 0 1 3 4 0 1 4 6 0 1 6 11 
7 0 1 0 3 0 1 3 4 0 1 4 7 0 1 7 8 0 1 8 9 0 1 9 10 0 1 10 11 
6 0 1 0 3 0 1 3 4 0 1 4 7 0 1 7 8 0 1 8 9 0 1 9 11 
6 0 1 0 3 0 1 3 4 0 1 4 7 0 1 7 8 0 1 8 10 0 1 10 11 
5 0 1 0 3 0 1 3 4 0 1 4 7 0 1 7 8 0 1 8 11 
6 0 1 0 3 0 1 3 4 0 1 4 7 0 1 7 9 0 1 9 10 0 1 10 11 
5 0 1 0 3 0 1 3 4 0 1 4 7 0 1 7 9 0 1 9 11 
5 0 1 0 3 0 1 3 4 0 1 4 7 0 1 7 10 0 1 10 11 
4 0 1 0 3 0 1 3 4 0 1 4 7 0 1 7 11 
6 0 1 0 3 0 1 3 4 0 1 4 8 0 1 8 9 0 1 9 10 0 1 10 11 
5 0 1 0 3 0 1 3 4 0 1 4 8 0 1 8 9 0 1 9 11 
5 0 1 0 3 0 1 3 4 0 1 4 8 0 1 8 10 0 1 10 11 
4 0 1 0 3 0 1 3 4 0 1 4 8 0 1 8 11 
5 0 1 0 3 0 1 3 4 0 1 4 9 0 1 9 10 0 1 10 11 
4 0 1 0 3 0 1 3 4 0 1 4 9 0 1 9 11 
4 0 1 0 3 0 1 3 4 0 1 4 10 0 1 10 11 
3 0 1 0 3 0 1 3 4 0 1 4 11 
8 0 1 0 3 0 1 3 5 0 1 5 6 0 1 6 7 0 1 7 8 0 1 8 9 0 1 9 10 0 1 10 11 
7 0 1 0 3 0 1 3 5 0 1 5 6 0 1 6 7 0 1 7 8 0 1 8 9 0 1 9 11 
7 0 1 0 3 0 1 3 5 0 1 5 6 0 1 6 7 0 1 7 8 0 1 8 10 0 1 10 11 
6 0 1 0 3 0 1 3 5 0 1 5 6 0 1 6 7 0 1 7 8 0 1 8 11 
7 0 1 0 3 0 1 3 5 0 1 5 6 0 1 6 7 0 1 7 9 0 1 9 10 0 1 10 11 
6 0 1 0 3 0 1 3 5 0 1 5 6 0 1 6 7 0 1 7 9 0 1 9 11 
6 0 1 0 3 0 1 3 5 0 1 5 6 0 1 6 7 0 1 7 10 0 1 10 11 
5 0 1 0 3 0 1 3 5 0 1 5 6 0 1 6 7 0 1 7 11 
7 0 1 0 3 0 1 3 5 0 1 5 6 0 1 6 8 0 1 8 9 0 1 9 10 0 1 10 11 
6 0 1 0 3 0 1 3 5 0 1 5 6 0 1 6 8 0 1 8 9 0 1 9 11 
6 0 1 0 3 0 1 3 5 0 1 5 6 0 1 6 8 0 1 8 10 0 1 10 11 
5 0 1 0 3 0 1 3 5 0 1 5 6 0 1 6 8 0 1 8 11 
6 0 1 0 3 0 1 3 5 0 1 5 6 0 1 6 9 0 1 9 10 0 1 10 11 
5 0 1 0 3 0 1 3 5 0 1 5 6 0 1 6 9 0 1 9 11 
5 0 1 0 3 0 1 3 5 0 1 5 6 0 1 6 10 0 1 10 11 
4 0 1 0 3 0 1 3 5 0 1 5 6 0 1 6 11 
7 0 1 0 3 0 1 3 5 0 1 5 7 0 1 7 8 0 1 8 9 0 1 9 10 0 1 10 11 
6 0 1 0 3 0 1 3 5 0 1 5 7 0 1 7 8 0 1 8 9 0 1 9 11 
6 0 1 0 3 0 1 3 5 0 1 5 7 0 1 7 8 0 1 8 10 0 1 10 11 
5 0 1 0 3 0 1 3 5 0 1 5 7 0 1 7 8 0 1 8 11 
6 0 1 0 3 0 1 3 5 0 1 5 7 0 1 7 9 0 1 9 10 0 1 10 11 
5 0 1 0 3 0 1 3 5 0 1 5 7 0 1 7 9 0 1 9 11 
5 0 1 0 3 0 1 3 5 0 1 5 7 0 1 7 10 0 1 10 11 
4 0 1 0 3 0 1 3 5 0 1 5 7 0 1 7 11 
6 0 1 0 3 0 1 3 5 0 1 5 8 0 1 8 9 0 1 9 10 0 1 10 11 
5 0 1 0 3 0 1 3 5 0 1 5 8 0 1 8 9 0 1 9 11 
5 0 1 0 3 0 1 3 5 0 1 5 8 0 1 8 10 0 1 10 11 
4 0 1 0 3 0 1 3 5 0 1 5 8 0 1 8 11 
5 0 1 0 3 0 1 3 5 0 1 5 9 0 1 9 10 0 1 10 11 
4 0 1 0 3 0 1 3 5 0 1 5 9 0 1 9 11 
4 0 1 0 3 0 1 3 5 0 1 5 10 0 1 10 11 
3 0 1 0 3 0 1 3 5 0 1 5 11 
7 0 1 0 3 0 1 3 6 0 1 6 7 0 1 7 8 0 1 8 9 0 1 9 10 0 1 10 11 
6 0 1 0 3 0 1 3 6 0 1 6 7 0 1 7 8 0 1 8 9 0 1 9 11 
6 0 1 0 3 0 1 3 6 0 1 6 7 0 1 7 8 0 1 8 10 0 1 10 11 
5 0 1 0 3 0 1 3 6 0 1 6 7 0 1 7 8 0 1 8 11 
6 0 1 0 3 0 1 3 6 0 1 6 7 0 1 7 9 0 1 9 10 0 1 10 11 
5 0 1 0 3 0 1 3 6 0 1 6 7 0 1 7 9 0 1 9 11 
5 0 1 0 3 0 1 3 6 0 1 6 7 0 1 7 10 0 1 10 11 
4 0 1 0 3 0 1 3 6 0 1 6 7 0 1 7 11 
6 0 1 0 3 0 1 3 6 0 1 6 8 0 1 8 9 0 1 9 10 0 1 10 11 
5 0 1 0 3 0 1 3 6 0 1 6 8 0 1 8 9 0 1 9 11 
5 0 1 0 3 0 1 3 6 0 1 6 8 0 1 8 10 0 1 10 11 
4 0 1 0 3 0 1 3 6 0 1 6 8 0 1 8 11 
5 0 1 0 3 0 1 3 6 0 1 6 9 0 1 9 10 0 1 10 11 
4 0 1 0 3 0 1 3 6 0 1 6 9 0 1 9 11 
4 0 1 0 3 0 1 3 6 0 1 6 10 0 1 10 11 
3 0 1 0 3 0 1 3 6 0 1 6 11 
6 0 1 0 3 0 1 3 7 0 1 7 8 0 1 8 9 0 1 9 10 0 1 10 11 
5 0 1 0 3 0 1 3 7 0 1 7 8 0 1 8 9 0 1 9 11 
5 0 1 0 3 0 1 3 7 0 1 7 8 0 1 8 10 0 1 10 11 
4 0 1 0 3 0 1 3 7 0 1 7 8 0 1 8 11 
5 0 1 0 3 0 1 3 7 0 1 7 9 0 1 9 10 0 1 10 11 
4 0 1 0 3 0 1 3 7 0 1 7 9 0 1 9 11 
4 0 1 0 3 0 1 3 7 0 1 7 10 0 1 10 11 
3 0 1 0 3 0 1 3 7 0 1 7 11 
5 0 1 0 3 0 1 3 8 0 1 8 9 0 1 9 10 0 1 10 11 
4 0 1 0 3 0 1 3 8 0 1 8 9 0 1 9 11 
4 0 1 0 3 0 1 3 8 0 1 8 10 0 1 10 11 
3 0 1 0 3 0 1 3 8 0 1 8 11 
4 0 1 0 3 0 1 3 9 0 1 9 10 0 1 10 11 
3 0 1 0 3 0 1 3 9 0 1 9 11 
3 0 1 0 3 0 1 3 10 0 1 10 11 
2 0 1 0 3 0 1 3 11 
8 0 1 0 4 0 1 4 5 0 1 5 6 0 1 6 7 0 1 7 8 0 1 8 9 0 1 9 10 0 1 10 11 
7 0 1 0 4 0 1 4 5 0 1 5 6 0 1 6 7 0 1 7 8 0 1 8 9 0 1 9 11 
7 0 1 0 4 0 1 4 5 0 1 5 6 0 1 6 7 0 1 7 8 0 1 8 10 0 1 10 11 
6 0 1 0 4 0 1 4 5 0 1 5 6 0 1 6 7 0 1 7 8 0 1 8 11 
7 0 1 0 4 0 1 4 5 0 1 5 6 0 1 6 7 0 1 7 9 0 1 9 10 0 1 10 11 
6 0 1 0 4 0 1 4 5 0 1 5 6 0 1 6 7 0 1 7 9 0 1 9 11 
6 0 1 0 4 0 1 4 5 0 1 5 6 0 1 6 7 0 1 7 10 0 1 10 11 
5 0 1 0 4 0 1 4 5 0 1 5 6 0 1 6 7 0 1 7 11 
7 0 1 0 4 0 1 4 5 0 1 5 6 0 1 6 8 0 1 8 9 0 1 9 10 0 1 10 11 
6 0 1 0 4 0 1 4 5 0 1 5 6 0 1 6 8 0 1 8 9 0 1 9 11 
6 0 1 0 4 0 1 4 5 0 1 5 6 0 1 6 8 0 1 8 10 0 1 10 11 
5 0 1 0 4 0 1 4 5 0 1 5 6 0 1 6 8 0 1 8 11 
6 0 1 0 4 0 1 4 5 0 1 5 6 0 1 6 9 0 1 9 10 0 1 10 11 
5 0 1 0 4 0 1 4 5 0 1 5 6 0 1 6 9 0 1 9 11 
5 0 1 0 4 0 1 4 5 0 1 5 6 0 1 6 10 0 1 10 11 
4 0 1 0 4 0 1 4 5 0 1 5 6 0 1 6 11 
7 0 1 0 4 0 1 4 5 0 1 5 7 0 1 7 8 0 1 8 9 0 1 9 10 0 1 10 11 
6 0 1 0 4 0 1 4 5 0 1 5 7 0 1 7 8 0 1 8 9 0 1 9 11 
6 0 1 0 4 0 1 4 5 0 1 5 7 0 1 7 8 0 1 8 10 0 1 10 11 
5 0 1 0 4 0 1 4 5 0 1 5 7 0 1 7 8 0 1 8 11 
6 0 1 0 4 0 1 4 5 0 1 5 7 0 1 7 9 0 1 9 10 0 1 10 11 
5 0 1 0 4 0 1 4 5 0 1 5 7 0 1 7 9 0 1 9 11 
5 0 1 0 4 0 1 4 5 0 1 5 7 0 1 7 10 0 1 10 11 
4 0 1 0 4 0 1 4 5 0 1 5 7 0 1 7 11 
6 0 1 0 4 0 1 4 5 0 1 5 8 0 1 8 9 0 1 9 10 0 1 10 11 
5 0 1 0 4 0 1 4 5 0 1 5 8 0 1 8 9 0 1 9 11 
5 0 1 0 4 0 1 4 5 0 1 5 8 0 1 8 10 0 1 10 11 
4 0 1 0 4 0 1 4 5 0 1 5 8 0 1 8 11 
5 0 1 0 4 0 1 4 5 0 1 5 9 0 1 9 10 0 1 10 11 
4 0 1 0 4 0 1 4 5 0 1 5 9 0 1 9 11 
4 0 1 0 4 0 1 4 5 0 1 5 10 0 1 10 11 
3 0 1 0 4 0 1 4 5 0 1 5 11 
7 0 1 0 4 0 1 4 6 0 1 6 7 0 1 7 8 0 1 8 9 0 1 9 10 0 1 10 11 
6 0 1 0 4 0 1 4 6 0 1 6 7 0 1 7 8 0 1 8 9 0 1 9 11 
6 0 1 0 4 0 1 4 6 0 1 6 7 0 1 7 8 0 1 8 10 0 1 10 11 
5 0 1 0 4 0 1 4 6 0 1 6 7 0 1 7 8 0 1 8 11 
6 0 1 0 4 0 1 4 6 0 1 6 7 0 1 7 9 0 1 9 10 0 1 10 11 
5 0 1 0 4 0 1 4 6 0 1 6 7 0 1 7 9 0 1 9 11 
5 0 1 0 4 0 1 4 6 0 1 6 7 0 1 7 10 0 1 10 11 
4 0 1 0 4 0 1 4 6 0 1 6 7 0 1 7 11 
6 0 1 0 4 0 1 4 6 0 1 6 8 0 1 8 9 0 1 9 10 0 1 10 11 
5 0 1 0 4 0 1 4 6 0 1 6 8 0 1 8 9 0 1 9 11 
5 0 1 0 4 0 1 4 6 0 1 6 8 0 1 8 10 0 1 10 11 
4 0 1 0 4 0 1 4 6 0 1 6 8 0 1 8 11 
5 0 1 0 4 0 1 4 6 0 1 6 9 0 1 9 10 0 1 10 11 
4 0 1 0 4 0 1 4 6 0 1 6 9 0 1 9 11 
4 0 1 0 4 0 1 4 6 0 1 6 10 0 1 10 11 
3 0 1 0 4 0 1 4 6 0 1 6 11 
6 0 1 0 4 0 1 4 7 0 1 7 8 0 1 8 9 0 1 9 10 0 1 10 11 
5 0 1 0 4 0 1 4 7 0 1 7 8 0 1 8 9 0 1 9 11 
5 0 1 0 4 0 1 4 7 0 1 7 8 0 1 8 10 0 1 10 11 
4 0 1 0 4 0 1 4 7 0 1 7 8 0 1 8 11 
5 0 1 0 4 0 1 4 7 0 1 7 9 0 1 9 10 0 1 10 11 
4 0 1 0 4 0 1 4 7 0 1 7 9 0 1 9 11 
4 0 1 0 4 0 1 4 7 0 1 7 10 0 1 10 11 
3 0 1 0 4 0 1 4 7 0 1 7 11 
5 0 1 0 4 0 1 4 8 0 1 8 9 0 1 9 10 0 1 10 11 
4 0 1 0 4 0 1 4 8 0 1 8 9 0 1 9 11 
4 0 1 0 4 0 1 4 8 0 1 8 10 0 1 10 11 
3 0 1 0 4 0 1 4 8 0 1 8 11 
4 0 1 0 4 0 1 4 9 0 1 9 10 0 1 10 11 
3 0 1 0 4 0 1 4 9 0 1 9 11 
3 0 1 0 4 0 1 4 10 0 1 10 11 
2 0 1 0 4 0 1 4 11 
7 0 1 0 5 0 1 5 6 0 1 6 7 0 1 7 8 0 1 8 9 0 1 9 10 0 1 10 11 
6 0 1 0 5 0 1 5 6 0 1 6 7 0 1 7 8 0 1 8 9 0 1 9 11 
6 0 1 0 5 0 1 5 6 0 1 6 7 0 1 7 8 0 1 8 10 0 1 10 11 
5 0 1 0 5 0 1 5 6 0 1 6 7 0 1 7 8 0 1 8 11 
6 0 1 0 5 0 1 5 6 0 1 6 7 0 1 7 9 0 1 9 10 0 1 10 11 
5 0 1 0 5 0 1 5 6 0 1 6 7 0 1 7 9 0 1 9 11 
5 0 1 0 5 0 1 5 6 0 1 6 7 0 1 7 10 0 1 10 11 
4 0 1 0 5 0 1 5 6 0 1 6 7 0 1 7 11 
6 0 1 0 5 0 1 5 6 0 1 6 8 0 1 8 9 0 1 9 10 0 1 10 11 
5 0 1 0 5 0 1 5 6 0 1 6 8 0 1 8 9 0 1 9 11 
5 0 1 0 5 0 1 5 6 0 1 6 8 0 1 8 10 0 1 10 11 
4 0 1 0 5 0 1 5 6 0 1 6 8 0 1 8 11 
5 0 1 0 5 0 1 5 6 0 1 6 9 0 1 9 10 0 1 10 11 
4 0 1 0 5 0 1 5 6 0 1 6 9 0 1 9 11 
4 0 1 0 5 0 1 5 6 0 1 6 10 0 1 10 11 
3 0 1 0 5 0 1 5 6 0 1 6 11 
6 0 1 0 5 0 1 5 7 0 1 7 8 0 1 8 9 0 1 9 10 0 1 10 11 
5 0 1 0 5 0 1 5 7 0 1 7 8 0 1 8 9 0 1 9 11 
5 0 1 0 5 0 1 5 7 0 1 7 8 0 1 8 10 0 1 10 11 
4 0 1 0 5 0 1 5 7 0 1 7 8 0 1 8 11 
5 0 1 0 5 0 1 5 7 0 1 7 9 0 1 9 10 0 1 10 11 
4 0 1 0 5 0 1 5 7 0 1 7 9 0 1 9 11 
4 0 1 0 5 0 1 5 7 0 1 7 10 0 1 10 11 
3 0 1 0 5 0 1 5 7 0 1 7 11 
5 0 1 0 5 0 1 5 8 0 1 8 9 0 1 9 10 0 1 10 11 
4 0 1 0 5 0 1 5 8 0 1 8 9 0 1 9 11 
4 0 1 0 5 0 1 5 8 0 1 8 10 0 1 10 11 
3 0 1 0 5 0 1 5 8 0 1 8 11 
4 0 1 0 5 0 1 5 9 0 1 9 10 0 1 10 11 
3 0 1 0 5 0 1 5 9 0 1 9 11 
3 0 1 0 5 0 1 5 10 0 1 10 11 
2 0 1 0 5 0 1 5 11 
6 0 1 0 6 0 1 6 7 0 1 7 8 0 1 8 9 0 1 9 10 0 1 10 11 
5 0 1 0 6 0 1 6 7 0 1 7 8 0 1 8 9 0 1 9 11 
5 0 1 0 6 0 1 6 7 0 1 7 8 0 1 8 10 0 1 10 11 
4 0 1 0 6 0 1 6 7 0 1 7 8 0 1 8 11 
5 0 1 0 6 0 1 6 7 0 1 7 9 0 1 9 10 0 1 10 11 
4 0 1 0 6 0 1 6 7 0 1 7 9 0 1 9 11 
4 0 1 0 6 0 1 6 7 0 1 7 10 0 1 10 11 
3 0 1 0 6 0 1 6 7 0 1 7 11 
5 0 1 0 6 0 1 6 8 0 1 8 9 0 1 9 10 0 1 10 11 
4 0 1 0 6 0 1 6 8 0 1 8 9 0 1 9 11 
4 0 1 0 6 0 1 6 8 0 1 8 10 0 1 10 11 
3 0 1 0 6 0 1 6 8 0 1 8 11 
4 0 1 0 6 0 1 6 9 0 1 9 10 0 1 10 11 
3 0 1 0 6 0 1 6 9 0 1 9 11 
3 0 1 0 6 0 1 6 10 0 1 10 11 
2 0 1 0 6 0 1 6 11 
5 0 1 0 7 0 1 7 8 0 1 8 9 0 1 9 10 0 1 10 11 
4 0 1 0 7 0 1 7 8 0 1 8 9 0 1 9 11 
4 0 1 0 7 0 1 7 8 0 1 8 10 0 1 10 11 
3 0 1 0 7 0 1 7 8 0 1 8 11 
4 0 1 0 7 0 1 7 9 0 1 9 10 0 1 10 11 
3 0 1 0 7 0 1 7 9 0 1 9 11 
3 0 1 0 7 0 1 7 10 0 1 10 11 
2 0 1 0 7 0 1 7 11 
4 0 1 0 8 0 1 8 9 0 1 9 10 0 1 10 11 
3 0 1 0 8 0 1 8 9 0 1 9 11 
3 0 1 0 8 0 1 8 10 0 1 10 11 
2 0 1 0 8 0 1 8 11 
3 0 1 0 9 0 1 9 10 0 1 10 11 
2 0 1 0 9 0 1 9 11 
2 0 1 0 10 0 1 10 11 
1 0 1 0 11 
