32
6 0 1 0 1 0 1 1 2 0 1 2 3 0 1 3 4 0 1 4 5 0 1 5 6 
5 0 1 0 1 0 1 1 2 0 1 2 3 0 1 3 4 0 1 4 6 
5 0 1 0 1 0 1 1 2 0 1 2 3 0 1 3 5 0 1 5 6 
4 0 1 0 1 0 1 1 2 0 1 2 3 0 1 3 6 
5 0 1 0 1 0 1 1 2 0 1 2 4 0 1 4 5 0 1 5 6 
4 0 1 0 1 0 1 1 2 0 1 2 4 0 1 4 6 
4 0 1 0 1 0 1 1 2 0 1 2 5 0 1 5 6 
3 0 1 0 1 0 1 1 2 0 1 2 6 
5 0 1 0 1 0 1 1 3 0 1 3 4 0 1 4 5 0 1 5 6 
4 0 1 0 1 0 1 1 3 0 1 3 4 0 1 4 6 
4 0 1 0 1 0 1 1 3 0 1 3 5 0 1 5 6 
3 0 1 0 1 0 1 1 3 0 1 3 6 
4 0 1 0 1 0 1 1 4 0 1 4 5 0 1 5 6 
3 0 1 0 1 0 1 1 4 0 1 4 6 
3 0 1 0 1 0 1 1 5 0 1 5 6 
2 0 1 0 1 0 1 1 6 
5 0 1 0 2 0 1 2 3 0 1 3 4 0 1 4 5 0 1 5 6 
4 0 1 0 2 0 1 2 3 0 1 3 4 0 1 4 6 
4 0 1 0 2 0 1 2 3 0 1 3 5 0 1 5 6 
3 0 1 0 2 0 1 2 3 0 1 3 6 
4 0 1 0 2 0 1 2 4 0 1 4 5 0 1 5 6 
3 0 1 0 2 0 1 2 4 0 1 4 6 
3 0 1 0 2 0 1 2 5 0 1 5 6 
2 0 1 0 2 0 1 2 6 
4 0 1 0 3 0 1 3 4 0 1 4 5 0 1 5 6 
3 0 1 0 3 0 1 3 4 0 1 4 6 
3 0 1 0 3 0 1 3 5 0 1 5 6 
2 0 1 0 3 0 1 3 6 
3 0 1 0 4 0 1 4 5 0 1 5 6 
2 0 1 0 4 0 1 4 6 
2 0 1 0 5 0 1 5 6 
1 0 1 0 6 
